0.000000
0.062790
0.125333
0.187381
0.248690
0.309017
0.368124
0.425779
0.481753
0.535826
0.587785
0.637424
0.684547
0.728968
0.770513
0.809017
0.844327
0.876306
0.904827
0.929776
0.951056
0.968583
0.982287
0.992115
0.998027
1.000000
0.998027
0.992115
0.982288
0.968584
0.951057
0.929777
0.904828
0.876308
0.844329
0.809018
0.770514
0.728970
0.684549
0.637426
0.587787
0.535829
0.481756
0.425781
0.368127
0.309019
0.248692
0.187384
0.125336
0.062793
0.000003
-0.062788
-0.125330
-0.187379
-0.248687
-0.309014
-0.368122
-0.425777
-0.481751
-0.535824
-0.587783
-0.637421
-0.684545
-0.728966
-0.770511
-0.809015
-0.844326
-0.876305
-0.904826
-0.929775
-0.951055
-0.968582
-0.982287
-0.992114
-0.998026
-1.000000
-0.998027
-0.992115
-0.982288
-0.968584
-0.951058
-0.929778
-0.904829
-0.876309
-0.844330
-0.809020
-0.770516
-0.728972
-0.684551
-0.637428
-0.587789
-0.535831
-0.481758
-0.425784
-0.368129
-0.309022
-0.248695
-0.187386
-0.125338
-0.062796
-0.000005
0.062785
0.125328
0.187376
0.248685
0.309012
0.368119
0.425774
0.481749
0.535822
0.587781
0.637419
0.684543
0.728965
0.770509
0.809013
0.844325
0.876304
0.904824
0.929774
0.951055
0.968582
0.982286
0.992114
0.998026
1.000000
0.998027
0.992116
0.982289
0.968585
0.951059
0.929779
0.904830
0.876310
0.844332
0.809021
0.770518
0.728974
0.684552
0.637430
0.587791
0.535833
0.481760
0.425786
0.368132
0.309024
0.248697
0.187389
0.125341
0.062798
0.000008
-0.062783
-0.125325
-0.187373
-0.248682
-0.309009
-0.368117
-0.425772
-0.481746
-0.535820
-0.587778
-0.637417
-0.684541
-0.728963
-0.770508
-0.809012
-0.844323
-0.876302
-0.904823
-0.929773
-0.951054
-0.968581
-0.982286
-0.992114
-0.998026
-1.000000
-0.998027
-0.992116
-0.982289
-0.968586
-0.951059
-0.929780
-0.904831
-0.876311
-0.844333
-0.809023
-0.770520
-0.728975
-0.684554
-0.637432
-0.587793
-0.535835
-0.481763
-0.425789
-0.368134
-0.309027
-0.248700
-0.187392
-0.125344
-0.062801
-0.000011
0.062780
0.125323
0.187371
0.248679
0.309007
0.368114
0.425769
0.481744
0.535817
0.587776
0.637415
0.684539
0.728961
0.770506
0.809010
0.844322
0.876301
0.904822
0.929772
0.951053
0.968580
0.982285
0.992113
0.998026
1.000000
0.998028
0.992116
0.982289
0.968586
0.951060
0.929781
0.904832
0.876313
0.844335
0.809024
0.770521
0.728977
0.684556
0.637434
0.587796
0.535838
0.481765
0.425791
0.368137
0.309029
0.248703
0.187394
0.125346
0.062804
0.000013
-0.062777
-0.125320
-0.187368
-0.248677
-0.309004
-0.368112
-0.425767
-0.481742
-0.535815
-0.587774
-0.637413
-0.684537
-0.728959
-0.770504
-0.809009
-0.844320
-0.876300
-0.904821
-0.929771
-0.951052
-0.968580
-0.982285
-0.992113
-0.998026
-1.000000
-0.998028
-0.992117
-0.982290
-0.968587
-0.951061
-0.929782
-0.904833
-0.876314
-0.844336
-0.809026
-0.770523
-0.728979
-0.684558
-0.637436
-0.587798
-0.535840
-0.481767
-0.425793
-0.368139
-0.309032
-0.248705
-0.187397
-0.125349
-0.062806
-0.000016
0.062775
0.125317
0.187366
0.248674
0.309002
0.368109
0.425765
0.481739
0.535813
0.587772
0.637411
0.684535
0.728957
0.770503
0.809007
0.844319
0.876299
0.904820
0.929770
0.951051
0.968579
0.982284
0.992113
0.998026
1.000000
0.998028
0.992117
0.982291
0.968588
0.951062
0.929783
0.904835
0.876315
0.844337
0.809027
0.770525
0.728981
0.684560
0.637438
0.587800
0.535842
0.481770
0.425796
0.368142
0.309034
0.248708
0.187399
0.125352
0.062809
0.000019
-0.062772
-0.125315
-0.187363
-0.248672
-0.308999
-0.368107
-0.425762
-0.481737
-0.535811
-0.587770
-0.637409
-0.684533
-0.728955
-0.770501
-0.809006
-0.844317
-0.876297
-0.904819
-0.929769
-0.951050
-0.968578
-0.982284
-0.992112
-0.998025
-1.000000
-0.998028
-0.992117
-0.982291
-0.968588
-0.951063
-0.929784
-0.904836
-0.876316
-0.844339
-0.809029
-0.770526
-0.728983
-0.684562
-0.637440
-0.587802
-0.535844
-0.481772
-0.425798
-0.368144
-0.309037
-0.248710
-0.187402
-0.125354
-0.062812
-0.000021
0.062769
0.125312
0.187360
0.248669
0.308997
0.368105
0.425760
0.481735
0.535808
0.587768
0.637407
0.684531
0.728954
0.770499
0.809004
0.844316
0.876296
0.904818
0.929768
0.951050
0.968578
0.982283
0.992112
0.998025
1.000000
0.998028
0.992118
0.982292
0.968589
0.951064
0.929785
0.904837
0.876318
0.844340
0.809031
0.770528
0.728984
0.684564
0.637442
0.587804
0.535847
0.481774
0.425801
0.368146
0.309039
0.248713
0.187405
0.125357
0.062814
0.000024
-0.062767
-0.125309
-0.187358
-0.248667
-0.308994
-0.368102
-0.425757
-0.481732
-0.535806
-0.587766
-0.637405
-0.684529
-0.728952
-0.770498
-0.809002
-0.844315
-0.876295
-0.904816
-0.929767
-0.951049
-0.968577
-0.982283
-0.992112
-0.998025
-1.000000
-0.998028
-0.992118
-0.982292
-0.968589
-0.951064
-0.929786
-0.904838
-0.876319
-0.844342
-0.809032
-0.770530
-0.728986
-0.684566
-0.637444
-0.587806
-0.535849
-0.481777
-0.425803
-0.368149
-0.309042
-0.248715
-0.187407
-0.125359
-0.062817
-0.000027
0.062764
0.125307
0.187355
0.248664
0.308991
0.368100
0.425755
0.481730
0.535804
0.587763
0.637403
0.684527
0.728950
0.770496
0.809001
0.844313
0.876293
0.904815
0.929766
0.951048
0.968576
0.982282
0.992111
0.998025
1.000000
0.998028
0.992118
0.982292
0.968590
0.951065
0.929787
0.904839
0.876320
0.844343
0.809034
0.770531
0.728988
0.684568
0.637446
0.587808
0.535851
0.481779
0.425805
0.368151
0.309045
0.248718
0.187410
0.125362
0.062820
0.000029
-0.062761
-0.125304
-0.187352
-0.248661
-0.308989
-0.368097
-0.425753
-0.481728
-0.535802
-0.587761
-0.637401
-0.684525
-0.728948
-0.770494
-0.808999
-0.844312
-0.876292
-0.904814
-0.929765
-0.951047
-0.968576
-0.982282
-0.992111
-0.998025
-1.000000
-0.998029
-0.992119
-0.982293
-0.968591
-0.951066
-0.929788
-0.904840
-0.876322
-0.844345
-0.809035
-0.770533
-0.728990
-0.684570
-0.637448
-0.587811
-0.535853
-0.481781
-0.425808
-0.368154
-0.309047
-0.248721
-0.187412
-0.125365
-0.062822
-0.000032
0.062759
0.125302
0.187350
0.248659
0.308986
0.368095
0.425750
0.481725
0.535800
0.587759
0.637399
0.684523
0.728946
0.770492
0.808998
0.844310
0.876291
0.904813
0.929764
0.951046
0.968575
0.982281
0.992111
0.998025
1.000000
0.998029
0.992119
0.982293
0.968591
0.951067
0.929789
0.904841
0.876323
0.844346
0.809037
0.770535
0.728992
0.684572
0.637450
0.587813
0.535856
0.481784
0.425810
0.368156
0.309050
0.248723
0.187415
0.125367
0.062825
0.000034
-0.062756
-0.125299
-0.187347
-0.248656
-0.308984
-0.368092
-0.425748
-0.481723
-0.535797
-0.587757
-0.637397
-0.684521
-0.728945
-0.770491
-0.808996
-0.844309
-0.876290
-0.904812
-0.929763
-0.951046
-0.968574
-0.982281
-0.992110
-0.998024
-1.000000
-0.998029
-0.992119
-0.982294
-0.968592
-0.951068
-0.929790
-0.904842
-0.876324
-0.844347
-0.809038
-0.770536
-0.728994
-0.684574
-0.637452
-0.587815
-0.535858
-0.481786
-0.425813
-0.368159
-0.309052
-0.248726
-0.187418
-0.125370
-0.062828
-0.000037
0.062753
0.125296
0.187345
0.248654
0.308981
0.368090
0.425745
0.481721
0.535795
0.587755
0.637395
0.684520
0.728943
0.770489
0.808995
0.844308
0.876288
0.904811
0.929762
0.951045
0.968574
0.982280
0.992110
0.998024
1.000000
0.998029
0.992120
0.982294
0.968593
0.951068
0.929791
0.904844
0.876325
0.844349
0.809040
0.770538
0.728995
0.684576
0.637454
0.587817
0.535860
0.481788
0.425815
0.368161
0.309055
0.248728
0.187420
0.125373
0.062830
0.000040
-0.062751
-0.125294
-0.187342
-0.248651
-0.308979
-0.368087
-0.425743
-0.481718
-0.535793
-0.587753
-0.637393
-0.684518
-0.728941
-0.770487
-0.808993
-0.844306
-0.876287
-0.904810
-0.929761
-0.951044
-0.968573
-0.982280
-0.992110
-0.998024
-1.000000
-0.998029
-0.992120
-0.982295
-0.968593
-0.951069
-0.929792
-0.904845
-0.876327
-0.844350
-0.809042
-0.770540
-0.728997
-0.684578
-0.637456
-0.587819
-0.535862
-0.481791
-0.425817
-0.368164
-0.309057
-0.248731
-0.187423
-0.125375
-0.062833
-0.000042
0.062748
0.125291
0.187339
0.248649
0.308976
0.368085
0.425741
0.481716
0.535791
0.587750
0.637391
0.684516
0.728939
0.770486
0.808992
0.844305
0.876286
0.904809
0.929760
0.951043
0.968572
0.982279
0.992109
0.998024
1.000000
0.998029
0.992120
0.982296
0.968594
0.951070
0.929793
0.904846
0.876328
0.844352
0.809043
0.770542
0.728999
0.684580
0.637458
0.587821
0.535864
0.481793
0.425820
0.368166
0.309060
0.248733
0.187425
0.125378
0.062835
0.000045
-0.062745
-0.125288
-0.187337
-0.248646
-0.308974
-0.368082
-0.425738
-0.481714
-0.535788
-0.587748
-0.637389
-0.684514
-0.728937
-0.770484
-0.808990
-0.844303
-0.876285
-0.904807
-0.929760
-0.951042
-0.968572
-0.982279
-0.992109
-0.998024
-1.000000
-0.998030
-0.992121
-0.982296
-0.968595
-0.951071
-0.929794
-0.904847
-0.876329
-0.844353
-0.809045
-0.770543
-0.729001
-0.684581
-0.637460
-0.587823
-0.535867
-0.481795
-0.425822
-0.368169
-0.309062
-0.248736
-0.187428
-0.125381
-0.062838
-0.000048
0.062743
0.125286
0.187334
0.248643
0.308971
0.368080
0.425736
0.481711
0.535786
0.587746
0.637387
0.684512
0.728935
0.770482
0.808988
0.844302
0.876283
0.904806
0.929759
0.951041
0.968571
0.982278
0.992109
0.998024
1.000000
0.998030
0.992121
0.982296
0.968595
0.951072
0.929795
0.904848
0.876331
0.844355
0.809046
0.770545
0.729003
0.684583
0.637462
0.587826
0.535869
0.481797
0.425825
0.368171
0.309065
0.248739
0.187431
0.125383
0.062841
0.000050
-0.062740
-0.125283
-0.187332
-0.248641
-0.308969
-0.368077
-0.425733
-0.481709
-0.535784
-0.587744
-0.637385
-0.684510
-0.728934
-0.770481
-0.808987
-0.844300
-0.876282
-0.904805
-0.929758
-0.951041
-0.968570
-0.982278
-0.992108
-0.998024
-1.000000
-0.998030
-0.992121
-0.982297
-0.968596
-0.951073
-0.929796
-0.904849
-0.876332
-0.844356
-0.809048
-0.770547
-0.729005
-0.684585
-0.637464
-0.587828
-0.535871
-0.481800
-0.425827
-0.368174
-0.309067
-0.248741
-0.187433
-0.125386
-0.062843
