1.567613
1.666543
1.765112
1.862997
1.959874
2.055428
2.149351
2.241344
2.331120
2.418405
2.502938
2.584477
2.662794
2.737681
2.808951
2.876435
2.939988
2.999486
3.054828
3.105935
3.152753
3.195249
3.233416
3.267269
3.296843
3.322200
3.343418
3.360599
3.373863
3.383350
3.389215
3.391630
3.390782
3.386870
3.380106
3.370709
3.358910
3.344944
3.329051
3.311476
3.292462
3.272256
3.251101
3.229234
3.206892
3.184302
3.161683
3.139247
3.117193
3.095709
3.074971
3.055142
3.036367
3.018780
3.002496
2.987618
2.974229
2.962396
2.952170
2.943588
2.936666
2.931408
2.927800
2.925817
2.925415
2.926540
2.929126
2.933092
2.938349
2.944800
2.952336
2.960844
2.970204
2.980291
2.990978
3.002134
3.013627
3.025328
3.037107
3.048837
3.060395
3.071663
3.082527
3.092882
3.102629
3.111677
3.119945
3.127359
3.133857
3.139386
3.143904
3.147380
3.149793
3.151131
3.151395
3.150596
3.148754
3.145898
3.142068
3.137311
3.131682
3.125245
3.118067
3.110226
3.101799
3.092871
3.083530
3.073864
3.063965
3.053925
3.043834
3.033782
3.023858
3.014146
3.004729
2.995684
2.987083
2.978994
2.971476
2.964585
2.958367
2.952863
2.948105
2.944118
2.940918
2.938515
2.936910
2.936095
2.936058
2.936776
2.938220
2.940356
2.943142
2.946532
2.950473
2.954909
2.959778
2.965017
2.970559
2.976336
2.982278
2.988314
2.994373
3.000387
3.006286
3.012005
3.017480
3.022651
3.027461
3.031858
3.035795
3.039229
3.042122
3.044445
3.046172
3.047283
3.047766
3.047614
3.046828
3.045412
3.043379
3.040746
3.037538
3.033783
3.029514
3.024770
3.019594
3.014032
3.008133
3.001950
2.995536
2.988948
2.982243
2.975478
2.968710
2.961997
2.955393
2.948954
2.942729
2.936770
2.931120
2.925823
2.920917
2.916436
2.912410
2.908863
2.905816
2.903283
2.901274
2.899793
2.898840
2.898408
2.898487
2.899060
2.900107
2.901603
2.903519
2.905822
2.908475
2.911439
2.914672
2.918130
2.921766
2.925532
2.929382
2.933266
2.937136
2.940943
2.944643
2.948188
2.951536
2.954645
2.957479
2.960001
2.962180
2.963987
2.965399
2.966395
2.966959
2.967081
2.966752
2.965971
2.964739
2.963063
2.960953
2.958425
2.955496
2.952189
2.948531
2.944551
2.940280
2.935753
2.931008
2.926084
2.921019
2.915857
2.910637
2.905403
2.900197
2.895059
2.890029
2.885147
2.880450
2.875972
2.871746
2.867801
2.864165
2.860861
2.857908
2.855324
2.853121
2.851308
2.849889
2.848866
2.848236
2.847992
2.848123
2.848616
2.849454
2.850614
2.852074
2.853807
2.855785
2.857975
2.860344
2.862860
2.865484
2.868182
2.870915
2.873648
2.876342
2.878963
2.881474
2.883843
2.886036
2.888024
2.889779
2.891275
2.892490
2.893404
2.893999
2.894263
2.894185
2.893759
2.892981
2.891852
2.890376
2.888559
2.886412
2.883949
2.881186
2.878143
2.874841
2.871305
2.867562
2.863640
2.859569
2.855380
2.851107
2.846780
2.842434
2.838102
2.833817
2.829610
2.825512
2.821554
2.817764
2.814168
2.810791
2.807654
2.804777
2.802177
2.799868
2.797861
2.796164
2.794782
2.793717
2.792967
2.792528
2.792392
2.792549
2.792987
2.793688
2.794634
2.795806
2.797180
2.798731
2.800433
2.802259
2.804179
2.806166
2.808188
2.810216
2.812219
2.814169
2.816037
2.817795
2.819415
2.820874
2.822148
2.823216
2.824057
2.824657
2.824999
2.825073
2.824869
2.824381
2.823606
2.822543
2.821195
2.819565
2.817663
2.815499
2.813085
2.810437
2.807572
2.804511
2.801274
2.797885
2.794367
2.790747
2.787052
2.783306
2.779540
2.775778
2.772050
2.768382
2.764799
2.761326
2.757988
2.754807
2.751804
2.748996
2.746402
2.744035
2.741909
2.740032
2.738412
2.737054
2.735960
2.735130
2.734561
2.734246
2.734178
2.734347
2.734740
2.735341
2.736134
2.737100
2.738220
2.739470
2.740830
2.742273
2.743777
2.745316
2.746864
2.748398
2.749891
2.751319
2.752659
2.753888
2.754984
2.755928
2.756702
2.757288
2.757671
2.757839
2.757782
2.757492
2.756961
2.756188
2.755171
2.753911
2.752412
2.750680
2.748723
2.746553
2.744181
2.741621
2.738891
2.736009
2.732992
2.729863
2.726641
2.723351
2.720014
2.716655
2.713296
2.709961
2.706671
2.703452
2.700322
2.697304
2.694417
2.691678
2.689104
2.686711
2.684510
2.682513
2.680728
2.679163
2.677822
2.676708
2.675821
2.675158
2.674715
2.674486
2.674462
2.674632
2.674985
2.675506
2.676180
2.676988
2.677913
2.678935
2.680035
2.681189
2.682378
2.683580
2.684773
2.685934
2.687043
2.688080
2.689024
2.689857
2.690562
2.691121
2.691519
2.691745
2.691787
2.691634
2.691280
2.690719
2.689947
2.688964
2.687769
2.686366
2.684759
2.682956
2.680964
2.678795
2.676461
2.673976
2.671354
2.668614
2.665771
2.662845
2.659855
2.656821
2.653764
2.650703
2.647659
2.644652
2.641702
2.638828
2.636048
2.633380
2.630838
2.628439
2.626194
2.624117
2.622217
2.620501
2.618978
2.617649
2.616520
2.615589
2.614856
2.614316
2.613966
2.613797
2.613800
2.613966
2.614282
2.614734
2.615307
2.615987
2.616754
2.617593
2.618484
2.619408
2.620348
2.621282
2.622192
2.623059
2.623866
2.624594
2.625227
2.625748
2.626145
2.626401
2.626507
2.626452
2.626227
2.625825
2.625240
2.624470
2.623512
2.622367
2.621038
2.619527
2.617841
2.615987
2.613974
2.611813
2.609516
2.607095
2.604566
2.601944
2.599245
2.596487
2.593686
2.590861
2.588030
2.585212
2.582423
2.579681
2.577004
2.574409
2.571909
2.569520
2.567255
2.565127
2.563145
2.561320
2.559658
2.558166
2.556848
2.555706
2.554741
2.553953
2.553338
2.552893
2.552610
2.552484
2.552503
2.552659
2.552938
2.553328
2.553816
2.554384
2.555019
2.555704
2.556421
2.557154
2.557886
2.558599
2.559277
2.559903
2.560461
2.560937
2.561315
2.561583
2.561729
2.561741
2.561610
2.561327
2.560887
2.560284
2.559515
2.558578
2.557473
2.556201
2.554767
2.553174
2.551428
2.549539
2.547515
2.545367
2.543105
2.540744
2.538297
2.535779
2.533204
2.530588
2.527948
2.525300
2.522660
2.520045
2.517469
2.514949
2.512499
2.510134
2.507867
2.505710
2.503673
2.501768
2.500002
2.498383
2.496916
2.495605
2.494453
2.493461
2.492629
2.491954
2.491433
2.491060
2.490828
2.490731
2.490758
2.490898
2.491141
2.491474
2.491883
2.492354
2.492873
2.493423
2.493991
2.494560
2.495115
2.495640
2.496121
2.496542
2.496891
2.497155
2.497320
2.497375
2.497311
2.497119
2.496790
2.496319
2.495702
2.494934
2.494014
2.492941
2.491717
2.490344
2.488826
2.487170
2.485381
2.483468
2.481440
2.479308
2.477084
2.474779
2.472406
2.469981
2.467516
2.465026
2.462527
2.460032
2.457557
2.455117
2.452724
2.450394
2.448138
2.445970
2.443900
2.441939
2.440095
2.438378
2.436793
2.435346
2.434042
2.432882
2.431868
2.430999
2.430275
2.429691
2.429243
2.428926
2.428732
2.428654
2.428681
2.428803
2.429009
2.429287
2.429623
2.430005
2.430420
2.430851
2.431286
2.431711
2.432111
2.432472
2.432782
2.433026
2.433195
2.433274
2.433256
2.433130
2.432887
2.432521
2.432026
2.431396
2.430629
2.429723
2.428677
2.427492
2.426171
2.424715
2.423132
2.421426
2.419605
2.417677
2.415653
2.413541
2.411354
2.409103
2.406801
2.404461
2.402096
2.399719
2.397345
2.394987
2.392658
2.390372
2.388141
2.385975
2.383889
2.381892
2.379993
2.378201
2.376524
2.374968
2.373537
2.372238
2.371071
2.370038
2.369139
2.368373
2.367737
2.367228
2.366839
2.366565
2.366398
2.366330
2.366351
2.366451
2.366620
2.366844
2.367112
2.367412
2.367730
2.368053
2.368369
2.368664
2.368925
2.369141
2.369299
2.369388
2.369397
2.369317
2.369139
2.368854
2.368456
2.367940
2.367301
2.366535
2.365641
2.364618
2.363466
2.362187
2.360785
2.359263
2.357627
2.355883
2.354040
2.352105
2.350089
2.348001
2.345852
2.343654
2.341419
2.339159
2.336886
2.334613
2.332354
2.330119
2.327922
2.325774
2.323686
2.321669
2.319732
2.317885
2.316137
2.314493
2.312961
2.311545
2.310249
2.309076
2.308027
2.307102
2.306301
2.305621
2.305058
2.304609
2.304267
2.304025
2.303877
2.303812
2.303823
2.303898
2.304028
2.304199
2.304402
2.304623
2.304852
2.305076
2.305281
2.305459
2.305594
2.305679
2.305700
2.305650
2.305517
2.305294
2.304974
2.304550
2.304016
2.303369
2.302604
2.301721
2.300717
2.299593
2.298351
2.296994
2.295524
2.293948
2.292271
2.290500
2.288642
2.286706
2.284703
2.282641
2.280532
2.278387
2.276216
2.274032
2.271846
2.269670
2.267516
2.265395
2.263317
2.261295
2.259336
2.257452
2.255650
2.253938
2.252323
2.250811
2.249407
2.248115
2.246936
2.245873
2.244926
2.244094
2.243376
2.242769
2.242267
2.241866
2.241561
2.241343
2.241205
2.241139
2.241134
2.241181
2.241270
2.241390
2.241529
2.241676
2.241821
2.241950
2.242055
2.242123
2.242143
2.242107
2.242005
2.241827
2.241567
2.241216
2.240770
2.240221
2.239567
2.238803
2.237929
2.236942
2.235843
2.234633
2.233314
2.231891
2.230366
2.228745
2.227036
2.225245
2.223380
2.221449
2.219463
2.217430
2.215362
2.213269
2.211160
2.209050
2.206947
2.204861
2.202806
2.200789
2.198823
2.196916
2.195076
2.193313
2.191632
2.190042
2.188548
2.187154
2.185864
2.184680
2.183605
2.182639
2.181781
2.181029
2.180382
2.179835
2.179384
2.179022
2.178744
2.178543
2.178410
2.178336
2.178313
2.178330
2.178377
2.178444
2.178521
2.178597
2.178660
2.178701
2.178710
2.178676
2.178590
2.178443
2.178227
2.177934
2.177557
2.177090
2.176529
2.175869
2.175107
2.174240
2.173268
2.172191
2.171009
2.169724
2.168341
2.166860
2.165290
2.163635
2.161902
2.160098
2.158231
2.156310
2.154344
2.152343
2.150317
2.148276
2.146230
2.144190
2.142165
2.140167
2.138204
2.136286
2.134423
2.132622
2.130892
2.129239
2.127671
2.126191
2.124805
2.123517
2.122329
2.121243
2.120260
2.119379
2.118598
2.117916
2.117330
2.116834
2.116424
2.116093
2.115836
2.115644
2.115510
2.115425
2.115379
2.115363
2.115367
2.115382
2.115398
2.115404
2.115390
2.115346
2.115265
2.115135
2.114949
2.114699
2.114377
2.113977
2.113494
2.112921
2.112256
2.111495
2.110635
2.109676
2.108617
2.107459
2.106204
2.104855
2.103415
2.101888
2.100280
2.098598
2.096847
2.095036
2.093172
2.091265
2.089323
2.087356
2.085373
2.083384
2.081399
2.079428
2.077479
2.075564
2.073689
2.071865
2.070098
2.068398
2.066769
2.065219
2.063753
2.062375
2.061089
2.059897
2.058802
2.057804
2.056902
2.056096
2.055384
2.054762
2.054228
2.053775
2.053398
2.053091
2.052848
2.052661
2.052521
2.052419
2.052347
2.052297
2.052258
2.052220
2.052175
2.052112
2.052023
2.051899
2.051731
2.051510
2.051230
2.050883
2.050463
2.049964
2.049382
2.048712
2.047951
2.047099
2.046151
2.045109
2.043973
2.042744
2.041425
2.040021
2.038532
2.036967
2.035329
2.033626
2.031864
2.030052
2.028196
2.026307
2.024392
2.022461
2.020523
2.018587
2.016662
2.014758
2.012883
2.011047
2.009257
2.007521
2.005846
2.004239
2.002706
2.001251
1.999880
1.998596
1.997400
1.996297
1.995285
1.994365
1.993536
1.992797
1.992145
1.991575
1.991084
1.990666
1.990316
1.990026
1.989792
1.989603
1.989453
1.989332
1.989232
1.989144
1.989060
1.988970
1.988863
1.988734
1.988572
1.988370
1.988118
1.987812
1.987443
1.987005
1.986493
1.985902
1.985228
1.984469
1.983621
1.982684
1.981657
1.980540
1.979335
1.978045
1.976670
1.975217
1.973689
1.972091
1.970430
1.968713
1.966946
1.965137
1.963294
1.961426
1.959541
1.957647
1.955755
1.953872
1.952008
1.950171
1.948368
1.946608
1.944900
1.943247
1.941660
1.940141
1.938696
1.937331
1.936048
1.934849
1.933738
1.932714
1.931778
1.930928
1.930165
1.929484
1.928883
1.928358
1.927903
1.927514
1.927184
1.926907
1.926674
1.926480
1.926315
1.926171
1.926040
1.925913
1.925783
1.925638
1.925472
1.925277
1.925044
1.924766
1.924437
1.924047
1.923594
1.923070
1.922471
1.921795
1.921036
1.920194
1.919266
1.918252
1.917154
1.915970
1.914704
1.913358
1.911936
1.910441
1.908880
1.907257
1.905580
1.903853
1.902086
1.900285
1.898458
1.896614
1.894762
1.892908
1.891063
1.889234
1.887429
1.885657
1.883925
1.882240
1.880608
1.879037
1.877531
1.876096
1.874735
1.873453
1.872251
1.871133
1.870098
1.869146
1.868279
1.867493
1.866787
1.866158
1.865602
1.865114
1.864689
1.864322
1.864008
1.863736
1.863502
1.863297
1.863114
1.862944
1.862780
1.862612
1.862434
1.862236
1.862010
1.861751
1.861448
1.861097
1.860690
1.860222
1.859688
1.859083
1.858404
1.857646
1.856809
1.855891
1.854889
1.853807
1.852642
1.851399
1.850078
1.848685
1.847221
1.845691
1.844103
1.842461
1.840771
1.839041
1.837278
1.835490
1.833682
1.831866
1.830048
1.828236
1.826439
1.824664
1.822920
1.821212
1.819548
1.817935
1.816378
1.814884
1.813457
1.812100
1.810819
1.809614
1.808489
1.807443
1.806479
1.805594
1.804788
1.804059
1.803404
1.802821
1.802303
1.801846
1.801446
1.801095
1.800789
1.800519
1.800279
1.800060
1.799855
1.799657
1.799456
1.799246
1.799019
1.798767
1.798482
1.798159
1.797788
1.797366
1.796885
1.796342
1.795732
1.795050
1.794294
1.793462
1.792551
1.791561
1.790493
1.789346
1.788124
1.786826
1.785458
1.784021
1.782522
1.780965
1.779355
1.777699
1.776003
1.774274
1.772519
1.770746
1.768963
1.767177
1.765395
1.763626
1.761879
1.760157
1.758472
1.756827
1.755231
1.753688
1.752204
1.750783
1.749431
1.748150
1.746942
1.745811
1.744756
1.743778
1.742878
1.742054
1.741304
1.740626
1.740016
1.739472
1.738985
1.738555
1.738173
1.737834
1.737532
1.737259
1.737008
1.736772
1.736542
1.736312
1.736074
1.735821
1.735545
1.735237
1.734894
1.734507
1.734070
1.733579
1.733028
1.732412
1.731729
1.730974
1.730146
1.729243
1.728264
1.727208
1.726079
1.724874
1.723599
1.722253
1.720842
1.719370
1.717841
1.716261
1.714636
1.712970
1.711273
1.709549
1.707807
1.706052
1.704295
1.702541
1.700798
1.699075
1.697376
1.695710
1.694083
1.692501
1.690970
1.689495
1.688082
1.686733
1.685451
1.684241
1.683102
1.682039
1.681050
1.680136
1.679295
1.678525
1.677826
1.677193
1.676623
1.676111
1.675652
1.675242
1.674874
1.674542
1.674239
1.673959
1.673693
1.673436
1.673179
1.672916
1.672638
1.672339
1.672013
1.671651
1.671249
1.670799
1.670298
1.669739
1.669120
1.668435
1.667681
1.666858
1.665961
1.664993
1.663950
1.662835
1.661648
1.660392
1.659068
1.657680
1.656233
1.654731
1.653177
1.651580
1.649943
1.648273
1.646577
1.644863
1.643136
1.641405
1.639676
1.637957
1.636256
1.634577
1.632929
1.631317
1.629749
1.628229
1.626762
1.625353
1.624007
1.622726
1.621512
1.620369
1.619297
1.618298
1.617370
1.616513
1.615726
1.615007
1.614352
1.613759
1.613223
1.612739
1.612302
1.611908
1.611548
1.611218
1.610910
1.610619
1.610336
1.610054
1.609768
1.609468
1.609150
1.608805
1.608428
1.608012
1.607551
1.607040
1.606475
1.605851
1.605165
1.604414
1.603594
1.602705
1.601745
1.600714
1.599613
1.598443
1.597204
1.595900
1.594534
1.593110
1.591631
1.590102
1.588530
1.586918
1.585275
1.583606
1.581916
1.580215
1.578508
1.576802
1.575105
1.573422
1.571762
1.570131
1.568533
1.566977
1.565467
1.564007
1.562603
1.561259
1.559977
1.558761
1.557612
1.556533
1.555523
1.554583
1.553712
1.552909
1.552171
1.551497
1.550882
1.550323
1.549816
1.549355
1.548935
1.548551
1.548196
1.547864
1.547549
1.547242
1.546939
1.546631
1.546311
1.545973
1.545613
1.545221
1.544792
1.544321
1.543802
1.543232
1.542605
1.541918
1.541168
1.540352
1.539469
1.538518
1.537498
1.536410
1.535254
1.534031
1.532747
1.531401
1.529998
1.528541
1.527035
1.525486
1.523899
1.522279
1.520633
1.518967
1.517289
1.515604
1.513919
1.512241
1.510578
1.508934
1.507317
1.505733
1.504187
1.502686
1.501233
1.499833
1.498491
1.497209
1.495989
1.494836
1.493749
1.492729
1.491778
1.490893
1.490075
1.489320
1.488628
1.487993
1.487413
1.486885
1.486401
1.485959
1.485552
1.485173
1.484819
1.484481
1.484154
1.483829
1.483501
1.483164
1.482811
1.482434
1.482029
1.481588
1.481108
1.480583
1.480007
1.479377
1.478689
1.477941
1.477129
1.476253
1.475310
1.474300
1.473223
1.472082
1.470876
1.469608
1.468280
1.466896
1.465460
1.463976
1.462447
1.460883
1.459285
1.457661
1.456018
1.454360
1.452695
1.451028
1.449369
1.447722
1.446094
1.444491
1.442918
1.441382
1.439888
1.438442
1.437045
1.435704
1.434421
1.433200
1.432041
1.430947
1.429920
1.428956
1.428059
1.427226
1.426456
1.425746
1.425093
1.424494
1.423945
1.423442
1.422977
1.422550
1.422151
1.421775
1.421417
1.421069
1.420726
1.420380
1.420027
1.419658
1.419267
1.418849
1.418399
1.417910
1.417378
1.416798
1.416166
1.415478
1.414732
1.413924
1.413053
1.412117
1.411118
1.410053
1.408924
1.407733
1.406480
1.405170
1.403804
1.402386
1.400922
1.399415
1.397870
1.396293
1.394689
1.393065
1.391426
1.389780
1.388132
1.386489
1.384857
1.383243
1.381652
1.380090
1.378563
1.377077
1.375634
1.374242
1.372902
1.371618
1.370394
1.369230
1.368129
1.367093
1.366120
1.365211
1.364365
1.363580
1.362854
1.362184
1.361567
1.361000
1.360476
1.359994
1.359545
1.359126
1.358732
1.358354
1.357989
1.357628
1.357266
1.356896
1.356514
1.356110
1.355683
1.355223
1.354726
1.354189
1.353604
1.352971
1.352282
1.351537
1.350733
1.349868
1.348941
1.347950
1.346896
1.345779
1.344601
1.343364
1.342069
1.340720
1.339320
1.337874
1.336386
1.334860
1.333302
1.331717
1.330110
1.328491
1.326861
1.325230
1.323602
1.321984
1.320382
1.318802
1.317251
1.315732
1.314251
1.312814
1.311424
1.310085
1.308800
1.307572
1.306405
1.305298
1.304254
1.303271
1.302350
1.301491
1.300692
1.299951
1.299266
1.298632
1.298047
1.297506
1.297005
1.296539
1.296103
1.295689
1.295294
1.294911
1.294535
1.294158
1.293774
1.293378
1.292964
1.292526
1.292058
1.291554
1.291011
1.290423
1.289788
1.289100
1.288357
1.287557
1.286697
1.285777
1.284795
1.283750
1.282645
1.281481
1.280257
1.278978
1.277644
1.276262
1.274833
1.273361
1.271853
1.270312
1.268745
1.267156
1.265552
1.263939
1.262322
1.260709
1.259103
1.257513
1.255944
1.254402
1.252890
1.251415
1.249982
1.248593
1.247255
1.245969
1.244740
1.243566
1.242454
1.241401
1.240409
1.239479
1.238608
1.237796
1.237040
1.236340
1.235690
1.235089
1.234531
1.234013
1.233530
1.233076
1.232646
1.232235
1.231837
1.231446
1.231055
1.230658
1.230250
1.229826
1.229378
1.228902
1.228392
1.227845
1.227255
1.226618
1.225930
1.225190
1.224393
1.223538
1.222624
1.221650
1.220617
1.219523
1.218370
1.217160
1.215894
1.214576
1.213208
1.211795
1.210340
1.208848
1.207324
1.205773
1.204200
1.202612
1.201013
1.199411
1.197810
1.196217
1.194637
1.193078
1.191542
1.190037
1.188567
1.187138
1.185752
1.184414
1.183127
1.181893
1.180717
1.179597
1.178537
1.177537
1.176597
1.175714
1.174890
1.174121
1.173406
1.172742
1.172125
1.171552
1.171018
1.170519
1.170050
1.169604
1.169178
1.168765
1.168360
1.167956
1.167548
1.167130
1.166695
1.166239
1.165756
1.165241
1.164689
1.164096
1.163458
1.162771
1.162033
1.161240
1.160391
1.159484
1.158518
1.157493
1.156410
1.155269
1.154072
1.152818
1.151514
1.150161
1.148764
1.147323
1.145846
1.144338
1.142802
1.141244
1.139670
1.138085
1.136496
1.134907
1.133325
1.131756
1.130204
1.128677
1.127178
1.125714
1.124286
1.122902
1.121564
1.120276
1.119039
1.117858
1.116733
1.115667
1.114657
1.113707
1.112813
1.111977
1.111196
1.110468
1.109790
1.109159
1.108571
1.108022
1.107507
1.107024
1.106564
1.106125
1.105698
1.105280
1.104863
1.104445
1.104016
1.103573
1.103109
1.102621
1.102101
1.101546
1.100951
1.100313
1.099626
1.098892
1.098102
1.097259
1.096358
1.095401
1.094385
1.093312
1.092183
1.090997
1.089758
1.088467
1.087128
1.085744
1.084320
1.082859
1.081363
1.079843
1.078298
1.076738
1.075165
1.073589
1.072010
1.070439
1.068878
1.067335
1.065813
1.064320
1.062859
1.061435
1.060051
1.058713
1.057421
1.056183
1.054996
1.053866
1.052790
1.051774
1.050812
1.049910
1.049060
1.048269
1.047526
1.046837
1.046190
1.045591
1.045025
1.044498
1.043998
1.043527
1.043072
1.042634
1.042203
1.041777
1.041347
1.040910
1.040457
1.039989
1.039493
1.038970
1.038411
1.037817
1.037177
1.036494
1.035760
1.034976
1.034136
1.033243
1.032293
1.031287
1.030224
1.029105
1.027931
1.026705
1.025426
1.024101
1.022731
1.021320
1.019872
1.018391
1.016883
1.015353
1.013804
1.012244
1.010677
1.009110
1.007547
1.005995
1.004459
1.002944
1.001455
0.999997
0.998574
0.997191
0.995852
0.994559
0.993317
0.992126
0.990989
0.989907
0.988881
0.987912
0.986998
0.986140
0.985334
0.984581
0.983876
0.983219
0.982603
0.982027
0.981485
0.980974
0.980488
0.980022
0.979571
0.979130
0.978692
0.978254
0.977808
0.977350
0.976873
0.976374
0.975846
0.975286
0.974688
0.974051
0.973367
0.972637
0.971857
0.971024
0.970136
0.969194
0.968196
0.967142
0.966034
0.964871
0.963656
0.962391
0.961078
0.959721
0.958323
0.956887
0.955420
0.953925
0.952406
0.950870
0.949320
0.947764
0.946206
0.944652
0.943107
0.941577
0.940068
0.938583
0.937128
0.935706
0.934324
0.932983
0.931690
0.930443
0.929247
0.928105
0.927015
0.925982
0.925003
0.924080
0.923210
0.922395
0.921630
0.920913
0.920242
0.919614
0.919025
0.918470
0.917947
0.917450
0.916972
0.916511
0.916059
0.915612
0.915164
0.914711
0.914245
0.913765
0.913260
0.912729
0.912167
0.911568
0.910930
0.910250
0.909521
0.908746
0.907918
0.907037
0.906102
0.905113
0.904068
0.902969
0.901818
0.900614
0.899360
0.898059
0.896714
0.895328
0.893905
0.892450
0.890966
0.889459
0.887933
0.886394
0.884848
0.883299
0.881753
0.880215
0.878691
0.877185
0.875704
0.874252
0.872832
0.871450
0.870108
0.868812
0.867562
0.866360
0.865212
0.864117
0.863076
0.862088
0.861155
0.860276
0.859449
0.858673
0.857944
0.857262
0.856622
0.856022
0.855456
0.854921
0.854411
0.853923
0.853451
0.852990
0.852534
0.852078
0.851618
0.851146
0.850659
0.850151
0.849617
0.849053
0.848455
0.847818
0.847139
0.846415
0.845642
0.844819
0.843945
0.843017
0.842035
0.841000
0.839911
0.838769
0.837576
0.836333
0.835044
0.833710
0.832336
0.830925
0.829481
0.828008
0.826512
0.824996
0.823468
0.821929
0.820389
0.818850
0.817319
0.815800
0.814299
0.812822
0.811371
0.809951
0.808569
0.807226
0.805927
0.804672
0.803468
0.802314
0.801212
0.800163
0.799167
0.798225
0.797336
0.796499
0.795712
0.794973
0.794280
0.793628
0.793016
0.792439
0.791892
0.791372
0.790874
0.790392
0.789922
0.789458
0.788995
0.788528
0.788051
0.787559
0.787047
0.786511
0.785946
0.785348
0.784711
0.784034
0.783313
0.782545
0.781727
0.780859
0.779937
0.778964
0.777937
0.776857
0.775725
0.774543
0.773310
0.772032
0.770709
0.769347
0.767946
0.766513
0.765051
0.763565
0.762059
0.760540
0.759009
0.757477
0.755944
0.754418
0.752905
0.751408
0.749933
0.748483
0.747065
0.745683
0.744338
0.743036
0.741778
0.740569
0.739409
0.738300
0.737244
0.736241
0.735290
0.734391
0.733544
0.732747
0.731997
0.731293
0.730631
0.730008
0.729420
0.728863
0.728333
0.727825
0.727335
0.726856
0.726384
0.725914
0.725441
0.724959
0.724463
0.723949
0.723410
0.722844
0.722246
0.721611
0.720936
0.720217
0.719452
0.718640
0.717778
0.716864
0.715898
0.714879
0.713809
0.712686
0.711513
0.710291
0.709025
0.707712
0.706359
0.704970
0.703547
0.702094
0.700617
0.699121
0.697610
0.696087
0.694562
0.693036
0.691516
0.690006
0.688513
0.687039
0.685593
0.684175
0.682791
0.681445
0.680140
0.678878
0.677664
0.676499
0.675384
0.674320
0.673309
0.672350
0.671442
0.670585
0.669778
0.669019
0.668303
0.667631
0.666999
0.666399
0.665833
0.665294
0.664778
0.664277
0.663791
0.663314
0.662836
0.662357
0.661870
0.661371
0.660853
0.660313
0.659747
0.659147
0.658514
0.657840
0.657126
0.656367
0.655561
0.654703
0.653797
0.652837
0.651827
0.650765
0.649651
0.648488
0.647276
0.646018
0.644717
0.643373
0.641994
0.640580
0.639138
0.637671
0.636183
0.634679
0.633165
0.631644
0.630126
0.628609
0.627105
0.625614
0.624144
0.622697
0.621280
0.619894
0.618547
0.617238
0.615974
0.614755
0.613584
0.612463
0.611393
0.610372
0.609405
0.608488
0.607623
0.606806
0.606037
0.605312
0.604631
0.603986
0.603379
0.602803
0.602255
0.601729
0.601221
0.600727
0.600242
0.599759
0.599276
0.598784
0.598282
0.597762
0.597221
0.596653
0.596055
0.595422
0.594752
0.594040
0.593285
0.592483
0.591633
0.590732
0.589781
0.588778
0.587725
0.586620
0.585466
0.584264
0.583016
0.581723
0.580390
0.579020
0.577617
0.576182
0.574724
0.573244
0.571748
0.570240
0.568727
0.567212
0.565702
0.564199
0.562712
0.561243
0.559798
0.558379
0.556994
0.555645
0.554334
0.553065
0.551841
0.550664
0.549537
0.548459
0.547432
0.546457
0.545533
0.544656
0.543831
0.543052
0.542319
0.541626
0.540973
0.540357
0.539772
0.539215
0.538681
0.538165
0.537664
0.537173
0.536684
0.536197
0.535701
0.535195
0.534673
0.534131
0.533563
0.532966
0.532334
0.531668
0.530959
0.530208
0.529411
0.528566
0.527671
0.526728
0.525733
0.524689
0.523591
0.522447
0.521253
0.520015
0.518733
0.517409
0.516047
0.514653
0.513228
0.511777
0.510305
0.508816
0.507315
0.505807
0.504298
0.502791
0.501293
0.499808
0.498340
0.496896
0.495478
0.494091
0.492738
0.491425
0.490152
0.488923
0.487742
0.486608
0.485524
0.484489
0.483505
0.482573
0.481689
0.480853
0.480065
0.479322
0.478621
0.477958
0.477333
0.476740
0.476174
0.475632
0.475110
0.474603
0.474106
0.473611
0.473118
0.472620
0.472111
0.471587
0.471043
0.470475
0.469879
0.469248
0.468584
0.467880
0.467133
0.466340
0.465502
0.464616
0.463679
0.462691
0.461654
0.460567
0.459432
0.458246
0.457017
0.455743
0.454429
0.453076
0.451690
0.450274
0.448830
0.447365
0.445883
0.444389
0.442888
0.441382
0.439879
0.438384
0.436901
0.435435
0.433991
0.432572
0.431184
0.429830
0.428513
0.427236
0.426004
0.424815
0.423676
0.422585
0.421544
0.420551
0.419610
0.418717
0.417874
0.417077
0.416325
0.415615
0.414944
0.414309
0.413708
0.413133
0.412585
0.412055
0.411541
0.411038
0.410540
0.410042
0.409540
0.409028
0.408503
0.407958
0.407390
0.406795
0.406167
0.405505
0.404804
0.404061
0.403275
0.402441
0.401560
0.400631
0.399651
0.398621
0.397542
0.396415
0.395240
0.394018
0.392754
0.391448
0.390105
0.388727
0.387318
0.385884
0.384426
0.382950
0.381462
0.379965
0.378465
0.376966
0.375473
0.373994
0.372529
0.371085
0.369666
0.368276
0.366920
0.365599
0.364319
0.363082
0.361889
0.360742
0.359645
0.358595
0.357597
0.356647
0.355746
0.354895
0.354088
0.353326
0.352608
0.351929
0.351285
0.350675
0.350094
0.349538
0.349001
0.348481
0.347972
0.347467
0.346966
0.346460
0.345947
0.345419
0.344874
0.344305
0.343711
0.343086
0.342426
0.341728
0.340989
0.340207
0.339380
0.338506
0.337583
0.336610
0.335589
0.334518
0.333399
0.332232
0.331021
0.329765
0.328468
0.327133
0.325765
0.324364
0.322936
0.321486
0.320017
0.318534
0.317044
0.315546
0.314052
0.312563
0.311085
0.309621
0.308178
0.306758
0.305368
0.304009
0.302687
0.301402
0.300161
0.298962
0.297810
0.296706
0.295650
0.294642
0.293685
0.292777
0.291916
0.291100
0.290330
0.289603
0.288915
0.288263
0.287644
0.287055
0.286492
0.285947
0.285421
0.284906
0.284397
0.283891
0.283381
0.282865
0.282336
0.281788
0.281221
0.280628
0.280002
0.279345
0.278650
0.277916
0.277139
0.276316
0.275448
0.274533
0.273567
0.272555
0.271491
0.270381
0.269223
0.268019
0.266773
0.265485
0.264159
0.262798
0.261404
0.259986
0.258545
0.257082
0.255606
0.254121
0.252629
0.251140
0.249653
0.248178
0.246717
0.245273
0.243856
0.242464
0.241103
0.239778
0.238490
0.237243
0.236041
0.234883
0.233772
0.232710
0.231694
0.230730
0.229811
0.228942
0.228119
0.227339
0.226603
0.225905
0.225244
0.224617
0.224020
0.223446
0.222896
0.222362
0.221840
0.221325
0.220814
0.220300
0.219780
0.219248
0.218700
0.218130
0.217535
0.216912
0.216257
0.215566
0.214834
0.214061
0.213245
0.212382
0.211473
0.210516
0.209509
0.208455
0.207353
0.206204
0.205011
0.203773
0.202495
0.201179
0.199827
0.198445
0.197034
0.195600
0.194146
0.192678
0.191199
0.189715
0.188230
0.186749
0.185277
0.183819
0.182379
0.180960
0.179569
0.178209
0.176881
0.175590
0.174342
0.173134
0.171971
0.170854
0.169783
0.168762
0.167788
0.166862
0.165983
0.165150
0.164360
0.163614
0.162906
0.162234
0.161598
0.160989
0.160406
0.159846
0.159303
0.158773
0.158250
0.157731
0.157212
0.156684
0.156148
0.155596
0.155024
0.154428
0.153803
0.153148
0.152457
0.151729
0.150960
0.150148
0.149290
0.148387
0.147437
0.146439
0.145395
0.144300
0.143163
0.141979
0.140754
0.139488
0.138182
0.136843
0.135471
0.134075
0.132651
0.131210
0.129751
0.128284
0.126810
0.125334
0.123863
0.122397
0.120946
0.119511
0.118098
0.116710
0.115350
0.114025
0.112734
0.111483
0.110272
0.109105
0.107981
0.106905
0.105875
0.104892
0.103956
0.103064
0.102219
0.101417
0.100656
0.099934
0.099247
0.098594
0.097971
0.097373
0.096797
0.096238
0.095692
0.095156
0.094622
0.094089
0.093550
0.093001
0.092439
0.091858
0.091254
0.090624
0.089963
0.089269
0.088540
0.087770
0.086962
0.086109
0.085213
0.084271
0.083282
0.082249
0.081170
0.080048
0.078882
0.077675
0.076427
0.075144
0.073828
0.072481
0.071107
0.069709
0.068292
0.066860
0.065416
0.063967
0.062515
0.061067
0.059625
0.058194
0.056778
0.055382
0.054009
0.052663
0.051346
0.050063
0.048816
0.047606
0.046436
0.045308
0.044221
0.043178
0.042177
0.041219
0.040304
0.039429
0.038594
0.037796
0.037034
0.036304
0.035604
0.034931
0.034282
0.033652
0.033037
0.032435
0.031841
0.031251
0.030661
0.030067
0.029465
0.028854
0.028226
0.027580
0.026914
0.026224
0.025508
0.024765
0.023993
0.023189
0.022354
0.021489
0.020592
0.019664
0.018708
0.017723
0.016713
0.015680
0.014625
0.013554
0.012470
0.011375
0.010276
0.009175
0.008077
0.006991
0.005915
0.004859
0.003826
0.002822
0.001851
0.000920
0.000030
-0.000811
-0.001601
-0.002335
-0.003010
-0.003623
-0.004170
-0.004651
-0.005062
-0.005402
-0.005673
-0.005872
-0.005999
-0.006056
-0.006044
-0.005964
-0.005821
-0.005614
-0.005350
-0.005031
-0.004660
-0.004244
-0.003787
-0.003294
-0.002770
-0.002221
-0.001653
-0.001073
-0.000485
0.000105
0.000688
0.001262
0.001819
0.002356
0.002864
0.003341
0.003781
0.004181
0.004536
0.004845
0.005103
0.005307
0.005458
0.005553
0.005591
0.005574
0.005500
0.005371
0.005189
0.004956
0.004673
0.004345
0.003973
0.003563
0.003119
0.002644
0.002146
0.001626
0.001091
0.000546
-0.000002
-0.000549
-0.001090
-0.001618
-0.002129
-0.002618
-0.003080
-0.003510
-0.003904
-0.004259
-0.004571
-0.004837
-0.005054
-0.005221
-0.005335
-0.005395
-0.005403
-0.005356
-0.005258
-0.005106
-0.004903
-0.004653
-0.004357
-0.004017
-0.003640
-0.003225
-0.002780
-0.002308
-0.001811
-0.001300
-0.000775
-0.000244
0.000290
0.000819
0.001340
0.001847
0.002337
0.002800
0.003238
0.003641
0.004009
0.004336
0.004619
0.004857
0.005048
0.005186
0.005274
0.005309
0.005292
0.005222
0.005101
0.004929
0.004709
0.004440
0.004130
0.003778
0.003390
0.002968
0.002516
0.002040
0.001544
0.001034
0.000514
-0.000011
-0.000536
-0.001056
-0.001564
-0.002057
-0.002527
-0.002977
-0.003393
-0.003776
-0.004121
-0.004426
-0.004687
-0.004901
-0.005066
-0.005180
-0.005246
-0.005257
-0.005217
-0.005126
-0.004983
-0.004791
-0.004551
-0.004270
-0.003943
-0.003578
-0.003178
-0.002746
-0.002288
-0.001808
-0.001309
-0.000797
-0.000279
0.000242
0.000762
0.001273
0.001771
0.002252
0.002710
0.003141
0.003541
0.003906
0.004231
0.004515
0.004754
0.004947
0.005090
0.005180
0.005222
0.005211
0.005150
0.005037
0.004873
0.004662
0.004405
0.004105
0.003764
0.003386
0.002973
0.002532
0.002066
0.001579
0.001079
0.000564
0.000047
-0.000472
-0.000985
-0.001489
-0.001978
-0.002447
-0.002891
-0.003308
-0.003692
-0.004038
-0.004345
-0.004609
-0.004828
-0.004999
-0.005118
-0.005189
-0.005208
-0.005175
-0.005090
-0.004957
-0.004773
-0.004543
-0.004267
-0.003951
-0.003594
-0.003202
-0.002778
-0.002328
-0.001853
-0.001361
-0.000857
-0.000342
0.000176
0.000690
0.001200
0.001695
0.002176
0.002633
0.003066
0.003467
0.003834
0.004163
0.004452
0.004695
0.004893
0.005042
0.005141
0.005189
0.005185
0.005132
0.005026
0.004870
0.004668
0.004418
0.004125
0.003793
0.003421
0.003015
0.002581
0.002120
0.001638
0.001141
0.000632
0.000116
-0.000401
-0.000913
-0.001414
-0.001905
-0.002374
-0.002821
-0.003241
-0.003626
-0.003978
-0.004290
-0.004558
-0.004784
-0.004960
-0.005086
-0.005164
-0.005192
-0.005168
-0.005090
-0.004963
-0.004788
-0.004565
-0.004297
-0.003987
-0.003635
-0.003250
-0.002832
-0.002386
-0.001917
-0.001427
-0.000924
-0.000413
0.000102
0.000617
0.001125
0.001624
0.002105
0.002566
0.003001
0.003406
0.003779
0.004113
0.004407
0.004657
0.004860
0.005017
0.005123
0.005179
0.005184
0.005136
0.005038
0.004892
0.004695
0.004453
0.004167
0.003838
0.003473
0.003073
0.002642
0.002186
0.001708
0.001212
0.000705
0.000190
-0.000325
-0.000838
-0.001343
-0.001835
-0.002307
-0.002758
-0.003182
-0.003573
-0.003930
-0.004248
-0.004524
-0.004754
-0.004938
-0.005074
-0.005160
-0.005192
-0.005175
-0.005106
-0.004987
-0.004818
-0.004603
-0.004340
-0.004036
-0.003691
-0.003312
-0.002897
-0.002455
-0.001988
-0.001501
-0.001000
-0.000488
0.000028
0.000543
0.001055
0.001554
0.002038
0.002504
0.002943
0.003354
0.003732
0.004071
0.004373
0.004630
0.004842
0.005006
0.005119
0.005182
0.005195
0.005154
0.005065
0.004925
0.004736
0.004500
0.004219
0.003896
0.003537
0.003139
0.002713
0.002259
0.001782
0.001289
0.000781
0.000267
-0.000249
-0.000766
-0.001274
-0.001768
-0.002245
-0.002699
-0.003129
-0.003528
-0.003890
-0.004215
-0.004496
-0.004736
-0.004927
-0.005070
-0.005163
-0.005204
-0.005195
-0.005134
-0.005022
-0.004859
-0.004651
-0.004396
-0.004095
-0.003757
-0.003379
-0.002970
-0.002529
-0.002066
-0.001578
-0.001078
-0.000568
-0.000049
0.000468
0.000982
0.001486
0.001975
0.002446
0.002889
0.003307
0.003690
0.004039
0.004346
0.004612
0.004831
0.005005
0.005123
0.005196
0.005215
0.005184
0.005101
0.004968
0.004784
0.004557
0.004280
0.003963
0.003605
0.003213
0.002789
0.002338
0.001862
0.001368
0.000859
0.000347
-0.000175
-0.000692
-0.001203
-0.001702
-0.002185
-0.002645
-0.003079
-0.003485
-0.003855
-0.004188
-0.004478
-0.004724
-0.004924
-0.005076
-0.005176
-0.005225
-0.005224
-0.005170
-0.005066
-0.004910
-0.004708
-0.004457
-0.004163
-0.003827
-0.003454
-0.003047
-0.002609
-0.002146
-0.001661
-0.001159
-0.000646
-0.000126
0.000394
0.000911
0.001419
0.001913
0.002388
0.002840
0.003264
0.003655
0.004010
0.004327
0.004599
0.004827
0.005006
0.005138
0.005217
0.005244
0.005220
0.005145
0.005018
0.004842
0.004618
0.004348
0.004035
0.003683
0.003293
0.002870
0.002420
0.001944
0.001450
0.000942
0.000425
-0.000098
-0.000619
-0.001135
-0.001638
-0.002126
-0.002594
-0.003036
-0.003447
-0.003825
-0.004165
-0.004464
-0.004719
-0.004929
-0.005087
-0.005196
-0.005253
-0.005260
-0.005215
-0.005116
-0.004968
-0.004770
-0.004525
-0.004237
-0.003904
-0.003535
-0.003129
-0.002693
-0.002231
-0.001746
-0.001242
-0.000728
-0.000205
0.000317
0.000840
0.001353
0.001853
0.002334
0.002793
0.003223
0.003623
0.003987
0.004309
0.004593
0.004829
0.005018
0.005156
0.005243
0.005281
0.005264
0.005195
0.005076
0.004905
0.004687
0.004422
0.004112
0.003764
0.003377
0.002955
0.002506
0.002032
0.001538
0.001027
0.000506
-0.000019
-0.000544
-0.001066
-0.001575
-0.002070
-0.002545
-0.002994
-0.003413
-0.003799
-0.004148
-0.004456
-0.004719
-0.004936
-0.005106
-0.005222
-0.005290
-0.005303
-0.005264
-0.005173
-0.005032
-0.004841
-0.004600
-0.004317
-0.003988
-0.003619
-0.003219
-0.002782
-0.002319
-0.001833
-0.001329
-0.000810
-0.000287
0.000243
0.000769
0.001287
0.001793
0.002282
0.002749
0.003188
0.003596
0.003968
0.004300
0.004590
0.004836
0.005033
0.005180
0.005277
0.005321
0.005314
0.005252
0.005139
0.004975
0.004763
0.004502
0.004198
0.003851
0.003466
0.003047
0.002598
0.002122
0.001627
0.001113
0.000590
0.000060
-0.000471
-0.000997
-0.001513
-0.002015
-0.002496
-0.002954
-0.003382
-0.003779
-0.004134
-0.004451
-0.004726
-0.004951
-0.005128
-0.005254
-0.005329
-0.005352
-0.005319
-0.005237
-0.005102
-0.004916
-0.004682
-0.004401
-0.004076
-0.003712
-0.003310
-0.002876
-0.002413
-0.001926
-0.001418
-0.000897
-0.000368
0.000165
0.000697
0.001221
0.001735
0.002231
0.002705
0.003153
0.003569
0.003950
0.004293
0.004593
0.004848
0.005054
0.005212
0.005318
0.005370
0.005370
0.005316
0.005210
0.005052
0.004845
0.004588
0.004287
0.003944
0.003561
0.003142
0.002693
0.002216
0.001719
0.001203
0.000676
0.000141
-0.000395
-0.000928
-0.001451
-0.001960
-0.002450
-0.002916
-0.003354
-0.003758
-0.004125
-0.004451
-0.004734
-0.004970
-0.005157
-0.005292
-0.005375
-0.005406
-0.005383
-0.005308
-0.005178
-0.004998
-0.004769
-0.004492
-0.004171
-0.003808
-0.003407
-0.002973
-0.002509
-0.002020
-0.001511
-0.000987
-0.000454
0.000085
0.000624
0.001155
0.001676
0.002181
0.002664
0.003121
0.003547
0.003938
0.004292
0.004600
0.004865
0.005084
0.005249
0.005362
0.005422
0.005432
0.005386
0.005285
0.005135
0.004933
0.004681
0.004383
0.004042
0.003661
0.003243
0.002793
0.002315
0.001816
0.001298
0.000761
0.000222
-0.000318
-0.000858
-0.001389
-0.001906
-0.002405
-0.002880
-0.003327
-0.003742
-0.004119
-0.004456
-0.004749
-0.004995
-0.005190
-0.005337
-0.005427
-0.005468
-0.005453
-0.005384
-0.005260
-0.005087
-0.004862
-0.004589
-0.004272
-0.003911
-0.003511
-0.003076
-0.002609
-0.002121
-0.001607
-0.001079
-0.000540
0.000004
0.000551
0.001088
0.001619
0.002133
0.002625
0.003091
0.003527
0.003929
0.004291
0.004611
0.004887
0.005114
0.005290
0.005415
0.005484
0.005500
0.005461
0.005370
0.005225
0.005028
0.004779
0.004486
0.004146
0.003767
0.003349
0.002898
0.002418
0.001914
0.001392
0.000855
0.000308
-0.000241
-0.000787
-0.001325
-0.001853
-0.002361
-0.002847
-0.003303
-0.003728
-0.004117
-0.004464
-0.004767
-0.005024
-0.005230
-0.005386
-0.005488
-0.005535
-0.005529
-0.005468
-0.005352
-0.005183
-0.004963
-0.004693
-0.004378
-0.004019
-0.003619
-0.003184
-0.002718
-0.002225
-0.001707
-0.001174
-0.000629
-0.000078
0.000474
0.001022
0.001561
0.002084
0.002586
0.003063
0.003510
0.003923
0.004296
0.004627
0.004914
0.005151
0.005337
0.005472
0.005551
0.005576
0.005547
0.005459
0.005320
0.005129
0.004886
0.004594
0.004257
0.003878
0.003461
0.003008
0.002527
0.002021
0.001490
0.000949
0.000397
-0.000161
-0.000715
-0.001264
-0.001799
-0.002319
-0.002815
-0.003282
-0.003719
-0.004118
-0.004476
-0.004791
-0.005060
-0.005276
-0.005442
-0.005553
-0.005610
-0.005610
-0.005556
-0.005450
-0.005286
-0.005069
-0.004805
-0.004491
-0.004133
-0.003734
-0.003298
-0.002830
-0.002332
-0.001811
-0.001274
-0.000723
-0.000163
0.000398
0.000957
0.001502
0.002035
0.002550
0.003037
0.003496
0.003919
0.004306
0.004648
0.004945
0.005195
0.005392
0.005535
0.005624
0.005659
0.005636
0.005557
0.005427
0.005238
0.004999
0.004711
0.004376
0.003997
0.003578
0.003124
0.002639
0.002127
0.001593
0.001047
0.000486
-0.000078
-0.000641
-0.001201
-0.001746
-0.002276
-0.002782
-0.003264
-0.003711
-0.004123
-0.004494
-0.004820
-0.005100
-0.005328
-0.005504
-0.005623
-0.005692
-0.005702
-0.005655
-0.005554
-0.005396
-0.005184
-0.004922
-0.004611
-0.004255
-0.003856
-0.003418
-0.002947
-0.002447
-0.001921
-0.001376
-0.000817
-0.000253
0.000319
0.000885
0.001444
0.001988
0.002514
0.003014
0.003484
0.003920
0.004319
0.004674
0.004983
0.005243
0.005452
0.005606
0.005706
0.005748
0.005734
0.005664
0.005536
0.005354
0.005120
0.004835
0.004501
0.004122
0.003703
0.003247
0.002759
0.002241
0.001704
0.001148
0.000581
0.000006
-0.000566
-0.001135
-0.001693
-0.002234
-0.002754
-0.003246
-0.003707
-0.004131
-0.004514
-0.004853
-0.005145
-0.005386
-0.005573
-0.005705
-0.005781
-0.005801
-0.005762
-0.005666
-0.005515
-0.005311
-0.005049
-0.004739
-0.004384
-0.003986
-0.003546
-0.003070
-0.002566
-0.002036
-0.001485
-0.000914
-0.000342
0.000237
0.000814
0.001385
0.001939
0.002477
0.002991
0.003475
0.003924
0.004335
0.004703
0.005027
0.005299
0.005517
0.005684
0.005796
0.005847
0.005839
0.005778
0.005657
0.005481
0.005246
0.004967
0.004635
0.004256
0.003834
0.003376
0.002885
0.002362
0.001817
0.001253
0.000679
0.000095
-0.000490
-0.001069
-0.001638
-0.002194
-0.002727
-0.003232
-0.003705
-0.004143
-0.004541
-0.004893
-0.005196
-0.005449
-0.005650
-0.005793
-0.005877
-0.005907
-0.005878
-0.005788
-0.005642
-0.005440
-0.005185
-0.004878
-0.004522
-0.004122
-0.003681
-0.003202
-0.002692
-0.002155
-0.001597
-0.001022
-0.000436
0.000154
0.000741
0.001324
0.001894
0.002444
0.002969
0.003469
0.003932
0.004358
0.004738
0.005075
0.005360
0.005592
0.005770
0.005888
0.005954
0.005954
0.005900
0.005787
0.005616
0.005389
0.005106
0.004776
0.004398
0.003975
0.003513
0.003016
0.002490
0.001937
0.001365
0.000780
0.000188
-0.000410
-0.001003
-0.001585
-0.002152
-0.002697
-0.003218
-0.003709
-0.004160
-0.004571
-0.004937
-0.005255
-0.005521
-0.005732
-0.005887
-0.005984
-0.006023
-0.006001
-0.005919
-0.005780
-0.005582
-0.005329
-0.005024
-0.004670
-0.004268
-0.003823
-0.003342
-0.002825
-0.002281
-0.001715
-0.001130
-0.000535
0.000067
0.000668
0.001262
0.001846
0.002411
0.002951
0.003464
0.003942
0.004383
0.004779
0.005129
0.005428
0.005675
0.005864
0.005995
0.006067
0.006081
0.006033
0.005925
0.005760
0.005537
0.005258
0.004928
0.004549
0.004124
0.003659
0.003156
0.002622
0.002063
0.001482
0.000886
0.000281
-0.000327
-0.000933
-0.001530
-0.002112
-0.002673
-0.003209
-0.003713
-0.004177
-0.004607
-0.004988
-0.005320
-0.005600
-0.005824
-0.005991
-0.006099
-0.006148
-0.006134
-0.006059
-0.005927
-0.005734
-0.005484
-0.005181
-0.004826
-0.004422
-0.003974
-0.003488
-0.002967
-0.002415
-0.001840
-0.001246
-0.000639
-0.000024
0.000590
0.001199
0.001797
0.002378
0.002935
0.003460
0.003958
0.004413
0.004825
0.005190
0.005504
0.005763
0.005967
0.006110
0.006193
0.006217
0.006176
0.006077
0.005915
0.005696
0.005420
0.005090
0.004711
0.004283
0.003813
0.003306
0.002764
0.002196
0.001606
0.000997
0.000380
-0.000241
-0.000862
-0.001472
-0.002069
-0.002649
-0.003199
-0.003720
-0.004204
-0.004647
-0.005044
-0.005392
-0.005687
-0.005925
-0.006105
-0.006225
-0.006284
-0.006279
-0.006214
-0.006088
-0.005898
-0.005651
-0.005350
-0.004993
-0.004587
-0.004138
-0.003643
-0.003117
-0.002557
-0.001971
-0.001366
-0.000746
-0.000122
0.000510
0.001134
0.001747
0.002343
0.002918
0.003465
0.003977
0.004449
0.004878
0.005259
0.005589
0.005862
0.006079
0.006236
0.006330
0.006362
0.006331
0.006238
0.006082
0.005867
0.005594
0.005268
0.004885
0.004453
0.003979
0.003465
0.002915
0.002337
0.001735
0.001115
0.000485
-0.000153
-0.000788
-0.001415
-0.002031
-0.002627
-0.003195
-0.003732
-0.004234
-0.004695
-0.005108
-0.005473
-0.005784
-0.006036
-0.006230
-0.006362
-0.006428
-0.006437
-0.006379
-0.006257
-0.006075
-0.005831
-0.005529
-0.005173
-0.004765
-0.004311
-0.003812
-0.003277
-0.002708
-0.002111
-0.001493
-0.000860
-0.000218
0.000426
0.001067
0.001699
0.002312
0.002905
0.003468
0.003998
0.004490
0.004936
0.005335
0.005681
0.005968
0.006202
0.006372
0.006478
0.006523
0.006499
0.006414
0.006265
0.006052
0.005782
0.005452
0.005069
0.004636
0.004154
0.003633
0.003076
0.002486
0.001873
0.001241
0.000594
-0.000058
-0.000710
-0.001356
-0.001988
-0.002604
-0.003191
-0.003748
-0.004269
-0.004747
-0.005181
-0.005561
-0.005889
-0.006157
-0.006365
-0.006510
-0.006591
-0.006608
-0.006557
-0.006443
-0.006263
-0.006024
-0.005724
-0.005367
-0.004958
-0.004496
-0.003992
-0.003447
-0.002868
-0.002260
-0.001628
-0.000981
-0.000323
0.000339
0.000998
0.001648
0.002281
0.002892
0.003479
0.004026
0.004537
0.005003
0.005419
0.005782
0.006090
0.006333
0.006520
0.006639
0.006694
0.006682
0.006603
0.006462
0.006253
0.005983
0.005653
0.005268
0.004829
0.004344
0.003814
0.003245
0.002646
0.002018
0.001369
0.000710
0.000043
-0.000629
-0.001294
-0.001946
-0.002580
-0.003190
-0.003768
-0.004309
-0.004809
-0.005259
-0.005660
-0.006005
-0.006290
-0.006514
-0.006672
-0.006765
-0.006792
-0.006752
-0.006643
-0.006469
-0.006233
-0.005933
-0.005574
-0.005161
-0.004695
-0.004184
-0.003630
-0.003040
-0.002418
-0.001772
-0.001108
-0.000433
0.000247
0.000926
0.001595
0.002251
0.002883
0.003488
0.004058
0.004592
0.005076
0.005513
0.005895
0.006219
0.006483
0.006683
0.006816
0.006881
0.006879
0.006810
0.006672
0.006469
0.006200
0.005870
0.005483
0.005037
0.004547
0.004009
0.003430
0.002816
0.002176
0.001512
0.000833
0.000148
-0.000545
-0.001231
-0.001905
-0.002560
-0.003192
-0.003791
-0.004355
-0.004873
-0.005349
-0.005768
-0.006132
-0.006435
-0.006675
-0.006849
-0.006955
-0.006996
-0.006963
-0.006862
-0.006693
-0.006459
-0.006161
-0.005800
-0.005382
-0.004911
-0.004391
-0.003826
-0.003222
-0.002586
-0.001926
-0.001244
-0.000550
0.000150
0.000849
0.001541
0.002219
0.002873
0.003502
0.004097
0.004651
0.005159
0.005617
0.006019
0.006364
0.006645
0.006860
0.007008
0.007086
0.007097
0.007034
0.006902
0.006702
0.006436
0.006106
0.005715
0.005267
0.004766
0.004218
0.003627
0.003000
0.002343
0.001663
0.000964
0.000256
-0.000459
-0.001165
-0.001862
-0.002542
-0.003196
-0.003820
-0.004408
-0.004952
-0.005447
-0.005888
-0.006272
-0.006595
-0.006853
-0.007043
-0.007165
-0.007214
-0.007187
-0.007098
-0.006936
-0.006704
-0.006405
-0.006043
-0.005621
-0.005143
-0.004611
-0.004036
-0.003419
-0.002770
-0.002091
-0.001390
-0.000675
0.000045
0.000770
0.001488
0.002187
0.002868
0.003521
0.004140
0.004718
0.005251
0.005729
0.006158
0.006522
0.006821
0.007056
0.007218
0.007310
0.007330
0.007277
0.007153
0.006957
0.006692
0.006360
0.005968
0.005513
0.005002
0.004447
0.003841
0.003199
0.002523
0.001824
0.001105
0.000373
-0.000363
-0.001097
-0.001817
-0.002523
-0.003204
-0.003856
-0.004467
-0.005036
-0.005556
-0.006023
-0.006427
-0.006771
-0.007049
-0.007253
-0.007391
-0.007452
-0.007442
-0.007358
-0.007201
-0.006971
-0.006672
-0.006309
-0.005880
-0.005395
-0.004856
-0.004266
-0.003635
-0.002966
-0.002268
-0.001545
-0.000809
-0.000062
0.000684
0.001427
0.002157
0.002863
0.003544
0.004189
0.004796
0.005354
0.005860
0.006310
0.006696
0.007017
0.007269
0.007450
0.007556
0.007588
0.007544
0.007428
0.007235
0.006973
0.006639
0.006240
0.005779
0.005261
0.004691
0.004071
0.003412
0.002718
0.001997
0.001256
0.000500
-0.000261
-0.001021
-0.001772
-0.002506
-0.003216
-0.003895
-0.004536
-0.005131
-0.005677
-0.006169
-0.006599
-0.006967
-0.007263
-0.007488
-0.007639
-0.007717
-0.007717
-0.007641
-0.007489
-0.007263
-0.006965
-0.006597
-0.006165
-0.005669
-0.005116
-0.004513
-0.003866
-0.003179
-0.002460
-0.001715
-0.000951
-0.000179
0.000596
0.001369
0.002124
0.002859
0.003571
0.004247
0.004881
0.005469
0.006002
0.006477
0.006888
0.007232
0.007503
0.007703
0.007826
0.007870
0.007837
0.007727
0.007540
0.007277
0.006941
0.006540
0.006070
0.005541
0.004958
0.004323
0.003644
0.002930
0.002184
0.001417
0.000635
-0.000154
-0.000944
-0.001724
-0.002489
-0.003230
-0.003940
-0.004612
-0.005238
-0.005814
-0.006332
-0.006790
-0.007179
-0.007501
-0.007745
-0.007914
-0.008007
-0.008019
-0.007954
-0.007805
-0.007582
-0.007284
-0.006913
-0.006472
-0.005967
-0.005405
-0.004785
-0.004119
-0.003411
-0.002669
-0.001899
-0.001108
-0.000307
0.000499
0.001302
0.002092
0.002862
0.003605
0.004313
0.004980
0.005598
0.006160
0.006664
0.007103
0.007470
0.007766
0.007982
0.008122
0.008180
0.008158
0.008056
0.007874
0.007612
0.007276
0.006865
0.006391
0.005850
0.005250
0.004598
0.003896
0.003159
0.002388
0.001594
0.000782
-0.000039
-0.000860
-0.001674
-0.002473
-0.003249
-0.003993
-0.004699
-0.005359
-0.005965
-0.006515
-0.007001
-0.007417
-0.007761
-0.008029
-0.008220
-0.008327
-0.008352
-0.008295
-0.008153
-0.007934
-0.007635
-0.007260
-0.006813
-0.006296
-0.005719
-0.005082
-0.004395
-0.003663
-0.002896
-0.002097
-0.001276
-0.000443
0.000396
0.001232
0.002060
0.002866
0.003644
0.004387
0.005088
0.005742
0.006338
0.006873
0.007339
0.007735
0.008053
0.008290
0.008449
0.008525
0.008514
0.008418
0.008244
0.007983
0.007644
0.007228
0.006741
0.006188
0.005570
0.004898
0.004177
0.003414
0.002612
0.001786
0.000939
0.000086
-0.000772
-0.001626
-0.002458
-0.003272
-0.004054
-0.004796
-0.005493
-0.006133
-0.006718
-0.007235
-0.007680
-0.008053
-0.008344
-0.008557
-0.008680
-0.008720
-0.008672
-0.008541
-0.008323
-0.008023
-0.007643
-0.007188
-0.006660
-0.006065
-0.005410
-0.004700
-0.003942
-0.003143
-0.002315
-0.001462
-0.000593
0.000286
0.001160
0.002025
0.002871
0.003691
0.004473
0.005213
0.005903
0.006535
0.007104
0.007602
0.008028
0.008374
0.008635
0.008814
0.008905
0.008909
0.008827
0.008652
0.008392
0.008052
0.007629
0.007129
0.006560
0.005924
0.005230
0.004483
0.003690
0.002857
0.001998
0.001115
0.000222
-0.000675
-0.001567
-0.002446
-0.003300
-0.004123
-0.004908
-0.005645
-0.006326
-0.006946
-0.007499
-0.007978
-0.008378
-0.008697
-0.008930
-0.009074
-0.009131
-0.009096
-0.008970
-0.008756
-0.008454
-0.008069
-0.007603
-0.007061
-0.006448
-0.005769
-0.005032
-0.004249
-0.003420
-0.002555
-0.001665
-0.000755
0.000164
0.001080
0.001991
0.002879
0.003743
0.004571
0.005354
0.006086
0.006759
0.007366
0.007900
0.008359
0.008731
0.009021
0.009222
0.009331
0.009349
0.009274
0.009105
0.008848
0.008503
0.008073
0.007562
0.006975
0.006319
0.005599
0.004823
0.003995
0.003129
0.002231
0.001309
0.000372
-0.000568
-0.001509
-0.002434
-0.003335
-0.004205
-0.005035
-0.005817
-0.006542
-0.007204
-0.007795
-0.008309
-0.008744
-0.009093
-0.009351
-0.009517
-0.009587
-0.009565
-0.009448
-0.009238
-0.008934
-0.008543
-0.008066
-0.007508
-0.006877
-0.006175
-0.005410
-0.004591
-0.003727
-0.002821
-0.001888
-0.000934
0.000031
0.000996
0.001956
0.002893
0.003807
0.004683
0.005514
0.006292
0.007010
0.007659
0.008233
0.008727
0.009135
0.009454
0.009678
0.009809
0.009843
0.009778
0.009617
0.009360
0.009011
0.008570
0.008045
0.007439
0.006758
0.006009
0.005200
0.004338
0.003432
0.002490
0.001521
0.000536
-0.000456
-0.001446
-0.002422
-0.003375
-0.004298
-0.005180
-0.006013
-0.006786
-0.007494
-0.008130
-0.008685
-0.009156
-0.009536
-0.009822
-0.010013
-0.010104
-0.010095
-0.009989
-0.009783
-0.009474
-0.009075
-0.008586
-0.008012
-0.007355
-0.006625
-0.005829
-0.004974
-0.004066
-0.003117
-0.002138
-0.001135
-0.000117
0.000902
0.001915
0.002913
0.003880
0.004811
0.005697
0.006528
0.007296
0.007992
0.008611
0.009146
0.009591
0.009940
0.010196
0.010348
0.010399
0.010347
0.010192
0.009936
0.009580
0.009130
0.008590
0.007961
0.007252
0.006473
0.005626
0.004722
0.003771
0.002779
0.001756
0.000719
-0.000329
-0.001376
-0.002411
-0.003426
-0.004408
-0.005348
-0.006236
-0.007065
-0.007825
-0.008508
-0.009110
-0.009622
-0.010039
-0.010359
-0.010577
-0.010689
-0.010696
-0.010597
-0.010394
-0.010086
-0.009679
-0.009174
-0.008578
-0.007897
-0.007134
-0.006300
-0.005402
-0.004451
-0.003453
-0.002417
-0.001356
-0.000280
0.000801
0.001875
0.002935
0.003966
0.004960
0.005906
0.006797
0.007621
0.008373
0.009043
0.009624
0.010111
0.010497
0.010782
0.010961
0.011031
0.010992
0.010844
0.010588
0.010229
0.009764
0.009204
0.008551
0.007812
0.006996
0.006107
0.005157
0.004153
0.003107
0.002024
0.000924
-0.000189
-0.001301
-0.002404
-0.003485
-0.004535
-0.005540
-0.006494
-0.007386
-0.008205
-0.008944
-0.009596
-0.010155
-0.010614
-0.010971
-0.011218
-0.011356
-0.011383
-0.011293
-0.011092
-0.010779
-0.010362
-0.009844
-0.009225
-0.008513
-0.007714
-0.006838
-0.005892
-0.004885
-0.003828
-0.002732
-0.001610
-0.000464
0.000685
0.001833
0.002963
0.004067
0.005133
0.006150
0.007107
0.007997
0.008810
0.009537
0.010171
0.010706
0.011137
0.011456
0.011663
0.011756
0.011733
0.011592
0.011337
0.010968
0.010491
0.009908
0.009227
0.008453
0.007593
0.006656
0.005651
0.004589
0.003478
0.002331
0.001158
-0.000028
-0.001220
-0.002400
-0.003561
-0.004684
-0.005766
-0.006795
-0.007756
-0.008642
-0.009446
-0.010158
-0.010770
-0.011278
-0.011675
-0.011955
-0.012123
-0.012167
-0.012089
-0.011894
-0.011582
-0.011153
-0.010613
-0.009966
-0.009219
-0.008378
-0.007453
-0.006451
-0.005386
-0.004262
-0.003096
-0.001895
-0.000672
0.000559
0.001788
0.003000
0.004187
0.005336
0.006433
0.007467
0.008434
0.009319
0.010111
0.010806
0.011395
0.011872
0.012235
0.012477
0.012593
0.012587
0.012456
0.012204
0.011824
0.011330
0.010722
0.010007
0.009190
0.008283
0.007289
0.006224
0.005089
0.003904
0.002679
0.001423
0.000150
-0.001127
-0.002396
-0.003645
-0.004858
-0.006028
-0.007142
-0.008187
-0.009152
-0.010030
-0.010812
-0.011487
-0.012051
-0.012497
-0.012818
-0.013014
-0.013082
-0.013021
-0.012830
-0.012511
-0.012068
-0.011503
-0.010825
-0.010038
-0.009148
-0.008167
-0.007102
-0.005962
-0.004762
-0.003512
-0.002226
-0.000911
0.000413
0.001738
0.003046
0.004334
0.005577
0.006767
0.007896
0.008947
0.009913
0.010783
0.011548
0.012202
0.012737
0.013146
0.013426
0.013572
0.013586
0.013466
0.013210
0.012821
0.012313
0.011672
0.010917
0.010053
0.009086
0.008026
0.006885
0.005671
0.004401
0.003082
0.001728
0.000357
-0.001024
-0.002396
-0.003752
-0.005069
-0.006343
-0.007557
-0.008698
-0.009754
-0.010722
-0.011581
-0.012331
-0.012959
-0.013460
-0.013830
-0.014063
-0.014160
-0.014112
-0.013927
-0.013603
-0.013145
-0.012551
-0.011836
-0.011000
-0.010052
-0.009003
-0.007860
-0.006639
-0.005349
-0.004002
-0.002612
-0.001191
0.000246
0.001684
0.003110
0.004509
0.005863
0.007167
0.008401
0.009556
0.010621
0.011582
0.012432
0.013159
0.013759
0.014224
0.014548
0.014732
0.014768
0.014659
0.014405
0.014006
0.013468
0.012794
0.011992
0.011070
0.010036
0.008896
0.007670
0.006360
0.004985
0.003556
0.002088
0.000597
-0.000907
-0.002404
-0.003881
-0.005325
-0.006722
-0.008053
-0.009308
-0.010478
-0.011546
-0.012502
-0.013335
-0.014041
-0.014610
-0.015038
-0.015316
-0.015440
-0.015413
-0.015234
-0.014906
-0.014425
-0.013800
-0.013040
-0.012145
-0.011129
-0.009999
-0.008769
-0.007443
-0.006043
-0.004578
-0.003065
-0.001517
0.000055
0.001627
0.003187
0.004722
0.006213
0.007648
0.009013
0.010290
0.011471
0.012541
0.013491
0.014311
0.014989
0.015520
0.015900
0.016123
0.016189
0.016094
0.015839
0.015427
0.014859
0.014142
0.013281
0.012289
0.011173
0.009942
0.008606
0.007184
0.005685
0.004122
0.002515
0.000878
-0.000770
-0.002418
-0.004045
-0.005639
-0.007184
-0.008660
-0.010056
-0.011360
-0.012548
-0.013619
-0.014559
-0.015357
-0.016005
-0.016499
-0.016830
-0.016993
-0.016991
-0.016820
-0.016479
-0.015975
-0.015312
-0.014496
-0.013532
-0.012431
-0.011203
-0.009860
-0.008414
-0.006882
-0.005274
-0.003611
-0.001906
-0.000175
0.001562
0.003290
0.004992
0.006648
0.008244
0.009765
0.011193
0.012516
0.013719
0.014789
0.015718
0.016493
0.017108
0.017554
0.017828
0.017927
0.017848
0.017594
0.017161
0.016559
0.015789
0.014861
0.013783
0.012563
0.011214
0.009750
0.008185
0.006532
0.004809
0.003034
0.001221
-0.000610
-0.002444
-0.004257
-0.006035
-0.007760
-0.009414
-0.010980
-0.012445
-0.013786
-0.015002
-0.016070
-0.016984
-0.017731
-0.018308
-0.018703
-0.018915
-0.018941
-0.018777
-0.018428
-0.017894
-0.017181
-0.016295
-0.015244
-0.014038
-0.012687
-0.011210
-0.009611
-0.007910
-0.006132
-0.004281
-0.002380
-0.000449
0.001494
0.003423
0.005334
0.007197
0.008994
0.010709
0.012326
0.013824
0.015195
0.016416
0.017482
0.018377
0.019093
0.019622
0.019961
0.020103
0.020044
0.019786
0.019332
0.018684
0.017848
0.016834
0.015646
0.014298
0.012805
0.011178
0.009434
0.007591
0.005662
0.003671
0.001637
-0.000422
-0.002486
-0.004535
-0.006544
-0.008500
-0.010375
-0.012158
-0.013826
-0.015366
-0.016757
-0.017989
-0.019048
-0.019921
-0.020601
-0.021080
-0.021350
-0.021410
-0.021257
-0.020896
-0.020323
-0.019547
-0.018575
-0.017412
-0.016073
-0.014569
-0.012914
-0.011121
-0.009216
-0.007208
-0.005120
-0.002971
-0.000786
0.001418
0.003617
0.005790
0.007914
0.009968
0.011934
0.013789
0.015516
0.017095
0.018512
0.019751
0.020800
0.021649
0.022283
0.022703
0.022898
0.022866
0.022609
0.022123
0.021419
0.020495
0.019366
0.018040
0.016530
0.014847
0.013009
0.011035
0.008940
0.006748
0.004481
0.002158
-0.000198
-0.002562
-0.004913
-0.007224
-0.009476
-0.011641
-0.013706
-0.015642
-0.017433
-0.019057
-0.020499
-0.021748
-0.022785
-0.023601
-0.024184
-0.024533
-0.024641
-0.024505
-0.024125
-0.023500
-0.022641
-0.021552
-0.020246
-0.018731
-0.017023
-0.015138
-0.013093
-0.010909
-0.008604
-0.006203
-0.003729
-0.001205
0.001343
0.003891
0.006413
0.008882
0.011278
0.013574
0.015746
0.017771
0.019634
0.021309
0.022781
0.024034
0.025058
0.025833
0.026358
0.026624
0.026628
0.026369
0.025844
0.025060
0.024020
0.022743
0.021229
0.019497
0.017561
0.015442
0.013157
0.010731
0.008183
0.005543
0.002830
0.000076
-0.002695
-0.005454
-0.008173
-0.010826
-0.013385
-0.015828
-0.018124
-0.020255
-0.022195
-0.023928
-0.025432
-0.026691
-0.027691
-0.028423
-0.028873
-0.029046
-0.028927
-0.028520
-0.027830
-0.026855
-0.025611
-0.024103
-0.022349
-0.020361
-0.018160
-0.015765
-0.013199
-0.010489
-0.007655
-0.004732
-0.001743
0.001283
0.004311
0.007314
0.010266
0.013135
0.015885
0.018498
0.020942
0.023192
0.025226
0.027022
0.028559
0.029822
0.030796
0.031473
0.031842
0.031892
0.031627
0.031046
0.030152
0.028956
0.027463
0.025686
0.023642
0.021348
0.018830
0.016108
0.013208
0.010157
0.006987
0.003723
0.000406
-0.002941
-0.006281
-0.009580
-0.012806
-0.015925
-0.018908
-0.021723
-0.024339
-0.026734
-0.028877
-0.030747
-0.032324
-0.033592
-0.034533
-0.035139
-0.035396
-0.035307
-0.034864
-0.034072
-0.032937
-0.031460
-0.029664
-0.027559
-0.025165
-0.022501
-0.019597
-0.016474
-0.013168
-0.009707
-0.006120
-0.002448
0.001276
0.005012
0.008731
0.012391
0.015952
0.019377
0.022641
0.025704
0.028532
0.031096
0.033375
0.035336
0.036964
0.038232
0.039132
0.039645
0.039769
0.039501
0.038835
0.037776
0.036336
0.034518
0.032342
0.029829
0.026996
0.023873
0.020485
0.016867
0.013047
0.009068
0.004966
0.000780
-0.003448
-0.007679
-0.011869
-0.015976
-0.019958
-0.023776
-0.027389
-0.030761
-0.033856
-0.036639
-0.039082
-0.041157
-0.042839
-0.044109
-0.044951
-0.045351
-0.045305
-0.044802
-0.043850
-0.042452
-0.040614
-0.038360
-0.035699
-0.032659
-0.029264
-0.025544
-0.021533
-0.017271
-0.012796
-0.008150
-0.003378
0.001474
0.006357
0.011226
0.016030
0.020720
0.025251
0.029573
0.033645
0.037421
0.040860
0.043927
0.046585
0.048806
0.050563
0.051831
0.052594
0.052841
0.052561
0.051752
0.050418
0.048566
0.046208
0.043362
0.040051
0.036304
0.032153
0.027633
0.022787
0.017659
0.012298
0.006751
0.001075
-0.004678
-0.010449
-0.016183
-0.021820
-0.027308
-0.032582
-0.037594
-0.042291
-0.046620
-0.050531
-0.053985
-0.056939
-0.059359
-0.061215
-0.062480
-0.063132
-0.063161
-0.062554
-0.061317
-0.059445
-0.056953
-0.053862
-0.050181
-0.045952
-0.041205
-0.035982
-0.030327
-0.024291
-0.017929
-0.011298
-0.004464
0.002510
0.009555
0.016605
0.023585
0.030433
0.037069
0.043431
0.049446
0.055053
0.060187
0.064793
0.068815
0.072205
0.074919
0.076919
0.078173
0.078661
0.078361
0.077267
0.075374
0.072692
0.069232
0.065016
0.060073
0.054438
0.048163
0.041290
0.033887
0.026011
0.017737
0.009134
0.000291
-0.008714
-0.017792
-0.026856
-0.035812
-0.044571
-0.053043
-0.061132
-0.068756
-0.075827
-0.082265
-0.087992
-0.092938
-0.097035
-0.100228
-0.102464
-0.103703
-0.103909
-0.103062
-0.101143
-0.098151
-0.094090
-0.088979
-0.082846
-0.075727
-0.067673
-0.058740
-0.048999
-0.038527
-0.027412
-0.015749
-0.003642
0.008801
0.021461
0.034218
0.046946
0.059520
0.071804
0.083672
0.094992
0.105634
0.115475
0.124391
0.132266
0.138992
0.144466
0.148595
0.151297
0.152498
0.152141
0.150177
0.146575
0.141316
0.134398
0.125831
0.115645
0.103882
0.090607
0.075895
0.059841
0.042557
0.024166
0.004810
-0.015354
-0.036158
-0.057416
-0.078936
-0.100511
-0.121926
-0.142953
-0.163365
-0.182925
-0.201392
-0.218517
-0.234065
-0.247787
-0.259440
-0.268792
-0.275610
-0.279673
-0.280764
-0.278683
-0.273235
-0.264250
-0.251561
-0.235026
-0.214519
-0.189931
-0.161180
-0.128192
-0.090928
-0.049364
-0.003498
0.046642
0.101010
0.159539
0.222130
0.288671
0.359023
0.433024
0.510491
0.591235
0.675022
0.761619
0.850769
0.942207
1.035648
1.130796
1.227352
1.324993
1.423407
1.522268
