1000.000000
983.633301
935.495544
858.406616
756.847046
636.646484
504.581726
367.913483
233.897827
109.307861
0.000845
89.438133
155.951263
198.145599
216.305862
212.285324
189.286804
151.553894
103.999443
51.801689
0.000845
46.872833
85.111610
112.061478
126.257225
127.455055
116.564812
95.492119
66.907654
33.966133
0.000846
31.779490
58.566044
78.175323
89.207787
91.129280
84.271729
69.757027
49.354149
25.285364
0.000847
24.056698
44.675983
60.070023
69.021820
70.971764
66.040962
54.991230
39.127560
20.154440
0.000848
19.368870
36.140236
48.813099
56.330833
58.163559
54.339233
45.421513
32.438164
16.768391
0.000850
16.223436
30.368073
41.143517
47.621658
49.312794
46.198906
38.721355
27.725502
14.368610
0.000852
13.968718
26.208065
35.587116
41.280159
42.836613
40.214275
33.772854
24.229362
12.580603
0.000854
12.274855
23.070475
31.380199
36.460854
37.897041
35.633469
29.972080
21.535097
11.198191
0.000856
10.956988
20.621975
28.087545
32.678055
34.008968
32.017914
26.964172
19.397306
10.098507
0.000859
9.903478
18.659967
25.442970
29.632893
30.872091
29.094549
24.526937
17.661489
9.203776
0.000862
9.042913
17.054222
23.274527
27.131378
28.290579
26.684486
22.514158
16.225533
8.462371
0.000865
8.327501
15.717210
21.466190
25.042112
26.131281
24.665640
20.825676
15.019232
7.838676
0.000869
7.724042
14.587937
19.936848
23.272934
24.300508
22.951845
19.390594
13.992747
7.307331
0.000873
7.208758
13.622598
18.628082
21.757290
22.730433
21.480555
18.157310
13.109712
6.849785
0.000877
6.764177
12.788921
17.496759
20.445930
21.370743
20.205271
17.087383
12.342975
6.452160
0.000881
6.377170
12.062613
16.510344
19.301624
20.183334
19.090712
16.151587
11.671856
6.103864
0.000886
6.037681
11.425032
15.643825
18.295715
19.138823
18.109627
15.327311
11.080330
5.796678
0.000891
5.737882
10.861644
14.877673
17.405783
18.214193
17.240635
14.596790
10.555787
5.524124
0.000897
5.471587
10.360950
14.196415
16.614044
17.391159
16.466728
13.945876
10.088172
5.281031
0.000903
5.233847
9.913732
13.587637
15.906215
16.655014
15.774217
13.363163
9.669371
5.063221
0.000909
5.020650
9.512520
13.041262
15.270686
15.993802
15.151952
12.839357
9.292763
4.867281
0.000916
4.828719
9.151196
12.549032
14.697938
15.397701
14.590772
12.366814
8.952899
4.690402
0.000923
4.655344
8.824705
12.104118
14.180087
14.858575
14.083078
11.939183
8.645250
4.530244
0.000930
4.498270
8.528833
11.700823
13.710554
14.369626
13.622521
11.551159
8.366027
4.384849
0.000938
4.355605
8.260043
11.334358
13.283809
13.925137
13.203752
11.198267
8.112033
4.252565
0.000946
4.225752
8.015344
11.000678
12.895167
13.520263
12.822238
10.876715
7.880557
4.131989
0.000955
4.107351
7.792193
10.696335
12.540644
13.150878
12.474117
10.583268
7.669284
4.021924
0.000964
3.999243
7.588415
10.418383
12.216825
12.813450
12.156080
10.315152
7.476232
3.921341
0.000974
3.900427
7.402141
10.164286
11.920777
12.504936
11.865276
10.069979
7.299687
3.829355
0.000984
3.810046
7.231758
9.931855
11.649962
12.222709
11.599240
9.845681
7.138172
3.745198
0.000995
3.727352
7.075867
9.719193
11.402181
11.964486
11.355834
9.640466
6.990399
3.668204
0.001006
3.651697
6.933251
9.524651
11.175518
11.728283
11.133195
9.452769
6.855250
3.597792
0.001017
3.582516
6.802852
9.346785
10.968306
11.512367
10.929698
9.281226
6.731746
3.533455
0.001030
3.519315
6.683740
9.184338
10.779080
11.315223
10.743919
9.124644
6.619030
3.474748
0.001042
3.461662
6.575103
9.036205
10.606563
11.135521
10.574612
8.981976
6.516354
3.421283
0.001056
3.409177
6.476230
8.901420
10.449630
10.972096
10.420683
8.852302
6.423056
3.372716
0.001070
3.361526
6.386495
8.779132
10.307298
10.823926
10.281172
8.734817
6.338560
3.328749
0.001085
3.318418
6.305350
8.668598
10.178699
10.690115
10.155236
8.628814
6.262358
3.289119
0.001100
3.279597
6.232314
8.569163
10.063080
10.569875
10.042139
8.533673
6.194008
3.253594
0.001116
3.244838
6.166966
8.480258
9.959776
10.462520
9.941236
8.448856
6.133121
3.221975
0.001133
3.213946
6.108941
8.401384
9.868211
10.367453
9.851968
8.373891
6.079361
3.194087
0.001151
3.186751
6.057919
8.332110
9.787886
10.284155
9.773848
8.308372
6.032438
3.169780
0.001169
3.163108
6.013628
8.272066
9.718370
10.212183
9.706461
8.251951
5.992102
3.148924
0.001189
3.142892
5.975833
8.220937
9.659301
10.151159
9.649454
8.204333
5.958142
3.131411
0.001209
3.125998
5.944341
8.178456
9.610372
10.100770
9.602535
8.165275
5.930386
3.117151
0.001230
3.112339
5.918989
8.144408
9.571334
10.060759
9.565464
8.134576
5.908691
3.106072
0.001253
3.101846
5.899650
8.118622
9.541991
10.030923
9.538054
8.112082
5.892949
3.098119
0.001276
3.094467
5.886227
8.100967
9.522196
10.011114
9.520171
8.097682
5.883080
3.093251
0.001301
3.090166
5.878653
8.091357
9.511850
10.001234
9.511723
8.091305
5.879038
3.091444
0.001327
3.088921
5.876891
8.089745
9.510902
10.001233
9.512670
8.092917
5.880800
3.092690
0.001354
3.090725
5.880931
8.096120
9.519349
10.011113
9.523016
8.102529
5.888376
3.096995
0.001383
3.095589
5.890796
8.110517
9.537230
10.030921
9.542811
8.120186
5.901804
3.104379
0.001413
3.103536
5.906531
8.133005
9.564636
10.060756
9.572157
8.145976
5.921150
3.114880
0.001444
3.114605
5.928218
8.163697
9.601704
10.100766
9.611197
8.180030
5.946510
3.128550
0.001478
3.128853
5.955964
8.202748
9.648618
10.151155
9.660129
8.222518
5.978014
3.145458
0.001513
3.146351
5.989910
8.250356
9.705619
10.212177
9.719203
8.273657
6.015821
3.165691
0.001550
3.167190
6.030231
8.306766
9.772999
10.284148
9.788723
8.333712
6.060128
3.189353
0.001589
3.191477
6.077137
8.372271
9.851111
10.367445
9.869055
8.402998
6.111167
3.216569
0.001630
3.219342
6.130877
8.447221
9.940372
10.462511
9.960627
8.481886
6.169214
3.247486
0.001674
3.250935
6.191741
8.532021
10.041265
10.569865
10.063938
8.570807
6.234585
3.282273
0.001720
3.286430
6.260065
8.627141
10.154350
10.690104
10.179567
8.670260
6.307647
3.321126
0.001769
3.326028
6.336238
8.733123
10.280273
10.823915
10.308175
8.780815
6.388821
3.364268
0.001822
3.369959
6.420702
8.850584
10.419772
10.972083
10.450519
8.903125
6.478588
3.411958
0.001877
3.418485
6.513966
8.980232
10.573687
11.135506
10.607463
9.037935
6.577496
3.464485
0.001936
3.471906
6.616604
9.122872
10.742977
11.315207
10.779994
9.186095
6.686171
3.522185
0.001999
3.530565
6.729278
9.279424
10.928739
11.512350
10.969234
9.348573
6.805326
3.585437
0.002066
3.594849
6.852736
9.450932
11.132217
11.728264
11.176463
9.526471
6.935772
3.654674
0.002137
3.665202
6.987834
9.638591
11.354836
11.964465
11.403144
9.721050
7.078439
3.730390
0.002214
3.742133
7.135551
9.843765
11.598219
12.222686
11.650945
9.933751
7.234386
3.813151
0.002296
3.826220
7.297007
10.068018
11.864229
12.504911
11.921781
10.166224
7.404830
3.903606
0.002384
3.918131
7.473485
10.313142
12.155006
12.813422
12.217853
10.420368
7.591170
4.002501
0.002480
4.018631
7.666467
10.581203
12.473014
13.150848
12.541696
10.698373
7.795021
4.110697
0.002582
4.128605
7.877660
10.874592
12.821101
13.520229
12.896247
11.002771
8.018252
4.229193
0.002694
4.249082
8.109050
11.196079
13.202579
13.925100
13.284919
11.336514
8.263039
4.359152
0.002815
4.381257
8.362949
11.548901
13.621309
14.369587
13.711699
11.703046
8.531925
4.501931
0.002946
4.526532
8.642069
11.936847
14.081823
14.858531
14.181268
12.106417
8.827903
4.659132
0.003090
4.686558
8.949602
12.364391
14.589468
15.397653
14.699159
12.551413
9.154510
4.832647
0.003247
4.863291
9.289339
12.836841
15.150595
15.993749
15.271951
13.043732
9.515962
5.024734
0.003420
5.059069
9.665806
13.360539
15.772800
16.654955
15.907529
13.590207
9.917316
5.238102
0.003612
5.276699
10.084451
13.943135
16.465246
17.391092
16.615414
14.199098
10.364694
5.476035
0.003824
5.519591
10.551890
14.593918
17.239079
18.214119
17.407213
14.880480
10.865566
5.742545
0.004061
5.791920
11.076237
15.324290
18.107986
19.138741
18.297213
15.646771
11.429153
6.042585
0.004327
6.098852
11.667541
16.148397
19.088978
20.183239
19.303198
16.513447
12.066960
6.382348
0.004627
6.446859
12.338407
17.084003
20.203428
21.370636
20.447588
17.500044
12.793527
6.769667
0.004968
6.844156
13.104855
18.153711
21.478586
22.730309
21.759047
18.631571
13.627498
7.214606
0.005360
7.301322
13.987556
19.386744
22.949732
24.300364
23.274801
19.940571
14.593177
7.730303
0.005813
7.832227
15.013653
20.821529
24.663357
26.131113
25.044109
21.470188
15.722847
8.334248
0.006343
8.455403
16.219496
22.509661
26.681999
28.290380
27.133524
23.278845
17.060328
9.050234
0.006972
9.196192
17.654907
24.522022
29.091816
30.871851
29.635216
25.447674
18.666634
9.911486
0.007728
10.090177
19.390059
26.958746
32.014877
34.008675
32.680588
28.092712
20.629322
10.965838
0.008655
11.188943
21.527029
29.966017
35.630054
37.896675
36.463638
31.385937
23.078667
12.284754
0.009817
12.570197
24.220257
33.765976
40.210365
42.836136
41.283257
35.593575
26.217335
13.979962
0.011313
14.356703
27.715034
38.713409
46.194340
49.312160
47.625145
41.150906
30.378756
16.236465
0.013312
16.754459
32.425846
45.412086
54.333736
58.162674
56.334816
48.821739
36.152855
19.384371
0.016115
20.137636
39.112583
54.979645
66.034065
70.970436
69.026459
60.080429
44.691406
24.075851
0.020325
25.264170
49.335030
69.741989
84.262489
91.127083
89.213272
78.188400
58.585892
31.804579
0.027351
33.937408
66.881203
95.470726
116.550980
127.450752
126.263672
112.078972
85.139435
46.909229
0.041414
51.757084
103.956581
151.517151
189.260498
212.273376
216.311462
198.170929
155.997238
89.504303
0.083628
109.208344
233.787704
367.798157
504.467194
636.538940
756.752441
858.330444
935.442139
983.605774
