0.000000
0.593266
-0.436003
-0.272840
0.636518
-0.194949
-0.493246
0.557445
0.083569
-0.618861
0.371244
0.346027
-0.625546
0.113699
0.541986
-0.512015
-0.165697
0.633789
-0.300087
-0.413249
0.603792
-0.030489
-0.581385
0.457759
0.244969
-0.637792
0.223757
0.473349
-0.571630
-0.053247
0.610762
-0.395613
-0.320018
0.630801
-0.143570
-0.525289
0.529614
0.136065
-0.629611
0.326648
0.389551
-0.612937
0.060908
0.568174
-0.478470
-0.216538
0.637608
-0.252052
-0.452370
0.584507
0.022804
-0.601267
0.419078
0.293278
-0.634614
0.173112
0.507390
-0.546003
-0.106123
0.623994
-0.352463
-0.364963
0.620681
-0.091188
-0.553665
0.498087
0.187612
-0.635966
0.279772
0.430357
-0.596049
0.007691
0.590397
-0.441585
-0.265867
0.636976
-0.202259
-0.488333
0.561144
0.075937
-0.616951
0.377472
0.339540
-0.627006
0.121259
0.537891
-0.516565
-0.158257
0.632872
-0.306852
-0.407360
0.606229
-0.038169
-0.578178
0.463083
0.237849
-0.637883
0.230943
0.468158
-0.575002
-0.045579
0.608498
-0.401618
-0.313341
0.631899
-0.151053
-0.520887
0.533863
0.128541
-0.628330
0.333231
0.383432
-0.615023
0.068560
0.564637
-0.483522
-0.209287
0.637331
-0.259100
-0.446914
0.587545
0.015116
-0.598654
0.424847
0.286426
-0.635347
0.180502
0.502692
-0.549940
-0.098531
0.622352
-0.358848
-0.358628
0.622411
-0.098793
-0.549805
0.502856
0.180247
-0.635323
0.286664
0.424648
-0.598746
0.015382
0.587442
-0.447104
-0.258857
0.637342
-0.209538
-0.483348
0.564761
0.068295
-0.614952
0.383645
0.333004
-0.628376
0.128801
0.533717
-0.521040
-0.150795
0.631862
-0.313573
-0.401412
0.608578
-0.045844
-0.574886
0.468339
0.230695
-0.637881
0.238096
0.462900
-0.578290
-0.037904
0.606146
-0.407565
-0.306619
0.632905
-0.158515
-0.516409
0.538034
0.120998
-0.626957
0.339765
0.377258
-0.617019
0.076201
0.561017
-0.488504
-0.202006
0.636962
-0.266109
-0.441393
0.590497
0.007426
-0.595955
0.430553
0.279533
-0.635987
0.187866
0.497921
-0.553797
-0.090924
0.620620
-0.365181
-0.352241
0.624050
-0.106385
-0.545865
0.507552
0.172856
-0.634587
0.293514
0.418878
-0.601355
0.023070
0.584401
-0.452557
-0.251808
0.637616
-0.216788
-0.478294
0.568295
0.060643
-0.612863
0.389762
0.326420
-0.629654
0.136325
0.529466
-0.525440
-0.143310
0.630761
-0.320248
-0.395405
0.610839
-0.053512
-0.571512
0.473527
0.223508
-0.637787
0.245214
0.457574
-0.581494
-0.030223
0.603706
-0.413452
-0.299852
0.633819
-0.165953
-0.511856
0.542126
0.113437
-0.625494
0.346250
0.371028
-0.618926
0.083832
0.557316
-0.493414
-0.194696
0.636500
-0.273080
-0.435809
0.593364
-0.000266
-0.593168
0.436197
0.272599
-0.636535
0.195203
0.493077
-0.557574
-0.083305
0.618797
-0.371460
-0.345803
0.625598
-0.113961
-0.541846
0.512174
0.165440
-0.633759
0.300321
0.413047
-0.603877
0.030754
0.581275
-0.457945
-0.244723
0.637796
-0.224006
-0.473170
0.571747
0.052982
-0.610685
0.395822
0.319788
-0.630840
0.143829
0.525138
-0.529762
-0.135805
0.629568
-0.326877
-0.389341
0.613010
-0.061172
-0.568054
0.478646
0.216288
-0.637600
0.252297
0.452182
-0.584614
-0.022538
0.601178
-0.419279
-0.293042
0.634641
-0.173368
-0.507229
0.546140
0.105860
-0.623939
0.352684
0.364745
-0.620742
0.091451
0.553533
-0.498253
-0.187358
0.635946
-0.280011
-0.430160
0.596144
-0.007957
-0.590296
0.441777
0.265626
-0.636990
0.202511
0.488161
-0.561270
-0.075673
0.616884
-0.377686
-0.339315
0.627055
-0.121520
-0.537748
0.516721
0.158000
-0.632838
0.307085
0.407155
-0.606311
0.038434
0.578065
-0.463266
-0.237602
0.637884
-0.231191
-0.467978
0.575117
0.045313
-0.608418
0.401825
0.313110
-0.631935
0.151311
0.520733
-0.534008
-0.128280
0.628284
-0.333458
-0.383220
0.615093
-0.068824
-0.564513
0.483695
0.209036
-0.637320
0.259342
0.446724
-0.587649
-0.014850
0.598562
-0.425045
-0.286189
0.635370
-0.180757
-0.502528
0.550075
0.098268
-0.622294
0.359068
0.358408
-0.622469
0.099056
0.549671
-0.503019
-0.179992
0.635299
-0.286901
-0.424450
0.598837
-0.015647
-0.587338
0.447293
0.258614
-0.637353
0.209790
0.483175
-0.564884
-0.068031
0.614881
-0.383857
-0.332777
0.628421
-0.129062
-0.533572
0.521194
0.150536
-0.631826
0.313804
0.401205
-0.608658
0.046109
0.574771
-0.468519
-0.230447
0.637879
-0.238342
-0.462717
0.578402
0.037638
-0.606063
0.407769
0.306386
-0.632938
0.158772
0.516253
-0.538177
-0.120737
0.626908
-0.339990
-0.377043
0.617086
-0.076465
-0.560890
0.488674
0.201754
-0.636948
0.266351
0.441201
-0.590598
-0.007160
0.595860
-0.430749
-0.279294
0.636008
-0.188120
-0.497755
0.553929
0.090661
-0.620558
0.365399
0.352020
-0.624105
0.106647
0.545728
-0.507713
-0.172600
0.634560
-0.293750
-0.418677
0.601444
-0.023335
-0.584294
0.452744
0.251564
-0.637623
0.217038
0.478118
-0.568416
-0.060378
0.612789
-0.389972
-0.326191
0.629696
-0.136585
-0.529318
0.525590
0.143051
-0.630722
0.320478
0.395196
-0.610915
0.053777
0.571393
-0.473705
