0.000000
2.031415
4.036873
5.990751
7.868082
9.644880
11.298443
12.807640
14.153190
15.317899
16.286884
17.047768
17.590826
17.909119
17.998579
17.858065
17.489372
16.897211
16.089149
15.075509
13.869244
12.485765
10.942753
9.259920
7.458770
5.562316
3.594790
1.581333
-0.452330
-2.480213
-4.476406
-6.415401
-8.272426
-10.023749
-11.646996
-13.121425
-14.428197
-15.550613
-16.474335
-17.187557
-17.681168
-17.948858
-17.987211
-17.795734
-17.376875
-16.735983
-15.881251
-14.823598
-13.576538
-12.156006
-10.580152
-8.869111
-7.044746
-5.130368
-3.150438
-1.130253
0.904374
2.927445
4.913111
6.836000
8.671544
10.396288
11.988194
13.426923
14.694091
15.773507
16.651379
17.316490
17.760342
17.977264
17.964483
17.722164
17.253401
16.564186
15.663323
14.562325
13.275258
11.818568
10.210868
8.472700
6.626274
4.695180
2.704095
0.678458
-1.355847
-3.372828
-5.346714
-7.252282
-9.065186
-10.762259
-12.321820
-13.723940
-14.950705
-15.986438
-16.817907
-17.434486
-17.828300
-17.994314
-17.930408
-17.637400
-17.119030
-16.381926
-15.435502
-14.291854
-12.965593
-11.473666
-9.835135
-8.070938
-6.203616
-4.257027
-2.256044
-0.226236
1.806464
3.816081
5.776939
7.663983
9.453101
11.121434
12.647664
14.012290
15.197875
16.189272
16.973812
17.541471
17.884998
18.000000
17.885010
17.541496
16.973848
16.189318
15.197932
14.012356
12.647739
11.121517
9.453192
7.664079
5.777040
3.816185
1.806569
-0.226130
-2.255939
-4.256924
-6.203516
-8.070844
-9.835047
-11.473584
-12.965520
-14.291789
-15.435448
-16.381882
-17.118998
-17.637379
-17.930399
-17.994316
-17.828314
-17.434513
-16.817944
-15.986486
-14.950764
-13.724009
-12.321898
-10.762344
-9.065277
-7.252379
-5.346815
-3.372932
-1.355953
0.678353
2.703990
4.695078
6.626175
8.472607
10.210781
11.818488
13.275187
14.562263
15.663271
16.564144
17.253370
17.722145
17.964476
17.977268
17.760359
17.316519
16.651419
15.773558
14.694152
13.426993
11.988273
10.396374
8.671637
6.836099
4.913213
2.927550
0.904480
-1.130147
-3.150333
-5.130267
-7.044649
-8.869019
-10.580066
-12.155928
-13.576468
-14.823538
-15.881202
-16.735945
-17.376846
-17.795719
-17.987207
-17.948868
-17.681187
-17.187588
-16.474377
-15.550667
-14.428260
-13.121497
-11.647077
-10.023837
-8.272519
-6.415501
-4.476508
-2.480318
-0.452436
1.581227
3.594687
5.562215
7.458673
9.259830
10.942669
12.485690
13.869176
15.075451
16.089102
16.897175
17.489347
17.858051
17.998577
17.909128
17.590847
17.047802
16.286930
15.317954
14.153255
12.807714
11.298525
9.644970
7.868177
5.990850
4.036976
2.031520
0.000106
-2.031309
-4.036770
-5.990651
-7.867987
-9.644791
-11.298360
-12.807566
-14.153124
-15.317843
-16.286840
-17.047733
-17.590803
-17.909107
-17.998581
-17.858078
-17.489397
-16.897249
-16.089197
-15.075567
-13.869311
-12.485842
-10.942837
-9.260011
-7.458866
-5.562417
-3.594894
-1.581438
0.452224
2.480108
4.476303
6.415303
8.272331
10.023662
11.646915
13.121352
14.428133
15.550560
16.474293
17.187525
17.681147
17.948851
17.987215
17.795750
17.376902
16.736023
15.881301
14.823658
13.576608
12.156084
10.580237
8.869203
7.044844
5.130470
3.150542
1.130358
-0.904268
-2.927341
-4.913009
-6.835903
-8.671451
-10.396201
-11.988115
-13.426852
-14.694030
-15.773456
-16.651339
-17.316462
-17.760324
-17.977259
-17.964489
-17.722181
-17.253431
-16.564226
-15.663375
-14.562387
-13.275330
-11.818648
-10.210956
-8.472794
-6.626372
-4.695282
-2.704200
-0.678564
1.355742
3.372724
5.346612
7.252185
9.065094
10.762175
12.321743
13.723872
14.950645
15.986389
16.817869
17.434460
17.828285
17.994312
17.930418
17.637421
17.119062
16.381969
15.435556
14.291918
12.965667
11.473747
9.835224
8.071033
6.203715
4.257130
2.256150
0.226342
-1.806358
-3.815978
-5.776839
-7.663888
-9.453012
-11.121351
-12.647589
-14.012223
-15.197819
-16.189226
-16.973778
-17.541449
-17.884985
-18.000000
-17.885021
-17.541519
-16.973883
-16.189365
-15.197989
-14.012423
-12.647815
-11.121600
-9.453281
-7.664175
-5.777140
-3.816288
-1.806674
0.226024
2.255834
4.256821
6.203417
8.070749
9.834958
11.473503
12.965446
14.291725
15.435393
16.381838
17.118965
17.637358
17.930389
17.994320
17.828329
17.434540
16.817982
15.986535
14.950823
13.724077
12.321975
10.762429
9.065369
7.252476
5.346916
3.373036
1.356058
-0.678247
-2.703886
-4.694976
-6.626077
-8.472513
-10.210694
-11.818408
-13.275115
-14.562201
-15.663218
-16.564102
-17.253340
-17.722126
-17.964470
-17.977274
-17.760376
-17.316547
-16.651459
-15.773609
-14.694213
-13.427064
-11.988352
-10.396461
-8.671729
-6.836196
-4.913315
-2.927654
-0.904586
1.130041
3.150229
5.130165
7.044551
8.868927
10.579980
12.155849
13.576399
14.823478
15.881151
16.735907
17.376820
17.795702
17.987204
17.948875
17.681208
17.187620
16.474421
15.550720
14.428323
13.121570
11.647158
10.023926
8.272614
6.415599
4.476611
2.480423
0.452542
-1.581122
-3.594583
-5.562115
-7.458577
-9.259738
-10.942585
-12.485614
-13.869109
-15.075394
-16.089054
-16.897139
-17.489323
-17.858038
-17.998577
-17.909140
-17.590870
-17.047836
-16.286976
-15.318010
-14.153320
-12.807789
-11.298608
-9.645060
-7.868273
-5.990950
-4.037079
-2.031625
-0.000212
2.031204
4.036666
5.990551
7.867892
9.644702
11.298278
12.807491
14.153059
15.317787
16.286795
17.047701
17.590780
17.909096
17.998581
17.858091
17.489424
16.897285
16.089245
15.075624
13.869379
12.485918
10.942921
9.260101
7.458962
5.562517
3.594998
1.581544
-0.452118
-2.480003
-4.476201
-6.415204
-8.272238
-10.023574
-11.646835
-13.121280
-14.428070
-15.550507
-16.474249
-17.187494
-17.681128
-17.948843
-17.987219
-17.795767
-17.376930
-16.736061
-15.881351
-14.823718
-13.576677
-12.156162
-10.580323
-8.869295
-7.044941
-5.130571
-3.150646
-1.130464
0.904163
2.927236
4.912908
6.835805
8.671358
10.396114
11.988036
13.426782
14.693969
15.773405
16.651299
17.316433
17.760307
17.977253
17.964497
17.722200
17.253462
16.564268
15.663427
14.562449
13.275401
11.818727
10.211042
8.472887
6.626471
4.695385
2.704304
0.678670
-1.355636
-3.372620
-5.346511
-7.252088
-9.065002
-10.762090
-12.321666
-13.723804
-14.950586
-15.986341
-16.817831
-17.434435
-17.828270
-17.994308
-17.930428
-17.637442
-17.119097
-16.382013
-15.435611
-14.291983
-12.965740
-11.473829
-9.835313
-8.071128
-6.203815
-4.257233
-2.256254
-0.226447
1.806253
3.815874
5.776739
7.663792
9.452921
11.121267
12.647513
14.012156
15.197762
16.189180
16.973742
17.541424
17.884974
18.000000
17.885033
17.541544
16.973919
16.189411
15.198046
14.012489
12.647890
11.121684
9.453372
7.664270
5.777240
3.816392
1.806780
-0.225918
-2.255729
-4.256718
-6.203317
-8.070655
-9.834869
-11.473421
-12.965373
-14.291660
-15.435339
-16.381794
-17.118933
-17.637337
-17.930380
-17.994322
-17.828344
-17.434566
-16.818020
-15.986584
-14.950881
-13.724146
-12.322052
-10.762514
-9.065460
-7.252573
-5.347017
-3.373140
-1.356164
0.678141
2.703781
4.694874
6.625978
8.472420
10.210607
11.818329
13.275043
14.562138
15.663166
16.564060
17.253311
17.722107
17.964462
17.977280
17.760393
17.316578
16.651499
15.773660
14.694274
13.427135
11.988431
10.396547
8.671823
6.836295
4.913417
2.927758
0.904691
-1.129936
-3.150125
-5.130064
-7.044454
-8.868834
-10.579895
-12.155771
-13.576329
-14.823418
-15.881102
-16.735867
-17.376791
-17.795687
-17.987200
-17.948883
-17.681227
-17.187651
-16.474463
-15.550774
-14.428387
-13.121642
-11.647239
-10.024014
-8.272708
-6.415699
-4.476713
-2.480528
-0.452647
1.581017
3.594479
5.562014
7.458481
9.259647
10.942500
12.485538
13.869041
15.075336
16.089006
16.897102
17.489298
17.858027
17.998575
17.909149
17.590893
17.047871
16.287020
15.318066
14.153386
12.807863
11.298690
9.645148
7.868368
5.991050
4.037182
2.031730
0.000318
-2.031099
-4.036563
-5.990451
-7.867796
-9.644612
-11.298195
-12.807417
-14.152993
-15.317732
-16.286751
-17.047667
-17.590757
-17.909086
-17.998583
-17.858105
-17.489449
-16.897322
-16.089291
-15.075683
-13.869446
-12.485994
-10.943005
-9.260192
-7.459059
-5.562618
-3.595102
-1.581649
0.452012
2.479898
4.476098
6.415105
8.272143
10.023485
11.646754
13.121207
14.428007
15.550453
16.474207
17.187462
17.681108
17.948835
17.987223
17.795782
17.376957
16.736101
15.881401
14.823778
13.576747
12.156240
10.580409
8.869388
7.045039
5.130673
3.150750
1.130570
-0.904057
-2.927132
-4.912806
-6.835707
-8.671266
-10.396029
-11.987957
-13.426711
-14.693908
-15.773354
-16.651258
-17.316404
-17.760290
-17.977247
-17.964502
-17.722219
-17.253492
-16.564310
-15.663480
-14.562511
-13.275473
-11.818808
-10.211130
-8.472980
-6.626569
-4.695487
-2.704409
-0.678776
1.355530
3.372516
5.346410
7.251991
9.064911
10.762005
12.321589
13.723735
14.950527
15.986292
16.817793
17.434408
17.828257
17.994307
17.930437
17.637463
17.119129
16.382057
15.435665
14.292047
12.965814
11.473911
9.835402
8.071222
6.203914
4.257336
2.256360
0.226553
-1.806148
-3.815771
-5.776639
-7.663696
-9.452831
-11.121184
-12.647438
-14.012091
-15.197705
-16.189133
-16.973707
-17.541401
-17.884962
-18.000000
-17.885046
-17.541567
-16.973953
-16.189457
-15.198102
-14.012556
-12.647965
-11.121767
-9.453462
-7.664366
-5.777340
-3.816495
-1.806885
0.225812
2.255624
4.256615
6.203218
8.070560
9.834781
11.473340
12.965300
14.291596
15.435285
16.381750
17.118900
17.637314
17.930372
17.994326
17.828358
17.434591
16.818058
15.986632
14.950940
13.724215
12.322129
10.762599
9.065552
7.252670
5.347118
3.373244
1.356269
-0.678035
-2.703676
-4.694771
-6.625880
-8.472326
-10.210520
-11.818249
-13.274972
-14.562076
-15.663115
-16.564020
-17.253281
-17.722090
-17.964457
-17.977285
-17.760410
-17.316607
-16.651541
-15.773711
-14.694336
-13.427205
-11.988510
-10.396633
-8.671915
-6.836392
-4.913518
-2.927863
-0.904797
1.129830
3.150021
5.129962
7.044356
8.868742
10.579809
12.155693
13.576261
14.823358
15.881052
16.735828
17.376764
17.795671
17.987196
17.948891
17.681246
17.187683
16.474504
15.550827
14.428450
13.121715
11.647319
10.024101
8.272801
6.415797
4.476816
2.480633
0.452753
-1.580911
-3.594375
-5.561913
-7.458384
-9.259557
-10.942416
-12.485461
-13.868974
-15.075277
-16.088959
-16.897066
-17.489273
-17.858013
-17.998573
-17.909161
-17.590916
-17.047903
-16.287066
-15.318121
-14.153451
-12.807938
-11.298772
-9.645238
-7.868463
-5.991150
-4.037286
-2.031835
